0 1
0 2
0 3
0 4
1 5
2 6
2 7
3 8
4 9
5 10
6 11
8 12
9 13
9 14
9 15
10 16
11 17
13 18
15 19
16 20
16 21
16 22
18 23
18 21
19 24
19 25
19 23
22 26
22 27
24 28
25 29
28 30
28 31
29 32
30 33
31 36
31 34
31 35
31 33
32 36
32 38
32 37
33 39
34 40
34 41
34 42
35 43
35 44
37 45
38 46
39 48
39 47
40 43
41 49
41 51
41 50
42 52
43 53
43 54
44 55
46 56
46 57
46 58
47 59
48 52
48 60
48 61
49 62
50 63
51 64
53 65
54 67
54 66
55 68
56 69
57 70
58 71
59 72
59 61
60 72
60 64
62 73
63 75
63 74
64 76
65 66
65 78
65 77
67 80
67 79
68 81
69 82
70 83
71 84
73 85
74 87
74 86
75 88
75 89
77 90
77 91
78 92
79 93
80 94
81 84
82 95
83 96
83 97
83 98
85 99
86 100
86 101
87 88
87 102
87 103
89 104
90 104
91 105
91 106
92 107
93 108
94 96
94 109
95 110
97 111
98 112
99 113
100 114
100 115
100 103
101 116
102 106
105 115
105 117
106 118
107 117
108 120
108 119
109 121
109 122
109 119
110 123
110 124
111 125
112 126
113 128
113 127
114 129
116 129
116 130
117 131
120 132
120 133
121 134
122 135
123 136
123 137
124 138
125 137
126 139
126 140
127 141
128 142
129 143
130 144
131 145
132 146
133 147
133 148
134 149
134 150
135 147
135 149
135 151
136 152
137 153
138 154
139 155
140 156
141 157
142 158
143 159
144 160
145 161
145 159
146 162
148 162
148 163
148 164
148 165
150 166
151 167
152 168
153 169
154 170
155 171
156 166
157 172
157 173
158 174
160 176
160 177
160 175
161 178
162 179
163 180
164 181
164 182
165 184
165 183
166 185
167 180
168 186
169 187
170 188
171 189
172 190
173 191
174 192
175 193
176 194
177 195
178 179
180 196
180 197
181 196
181 198
181 199
182 200
182 201
183 202
183 203
183 204
184 205
185 206
186 207
187 208
187 209
188 210
189 211
190 212
190 213
191 214
192 215
193 216
194 217
195 218
197 219
198 220
198 221
199 222
199 223
200 224
200 225
201 226
202 227
204 218
205 226
206 219
206 228
206 221
207 229
208 230
209 231
210 232
211 233
212 234
213 235
214 236
215 237
216 240
216 238
216 239
217 241
218 242
220 223
222 243
223 244
223 245
224 248
224 246
224 247
225 249
227 250
228 251
229 230
230 252
231 253
232 254
234 255
235 256
236 257
237 258
238 259
239 260
240 261
241 262
241 263
242 264
243 265
244 266
245 267
245 268
246 269
247 270
247 271
248 273
248 270
248 272
249 274
249 275
249 250
251 276
252 277
253 278
254 279
255 280
255 281
256 282
257 283
258 284
259 285
260 286
261 287
262 264
263 288
264 289
265 269
266 290
267 269
267 291
267 292
267 293
268 294
269 272
270 296
270 295
271 297
272 298
273 299
274 300
275 301
276 302
277 304
277 303
278 305
278 306
279 307
280 283
281 308
282 309
284 310
285 311
286 312
286 313
287 314
288 315
288 316
288 317
288 318
289 301
289 319
290 320
290 321
291 322
292 323
293 324
294 325
295 326
295 327
296 328
296 329
296 326
297 330
298 331
298 332
299 333
299 329
300 330
302 334
303 335
304 336
305 337
306 338
307 339
308 340
309 341
309 342
310 344
310 342
310 343
311 345
311 346
311 347
312 348
313 349
314 350
315 352
315 353
315 351
316 319
317 354
318 353
318 355
319 352
319 356
320 357
320 358
321 357
321 359
322 332
323 360
324 361
324 362
324 363
325 358
326 364
327 365
328 366
328 367
330 368
331 369
333 371
333 370
333 372
334 373
336 376
336 374
336 375
337 377
338 378
339 375
340 379
341 379
343 380
344 381
345 382
346 354
347 383
348 350
349 384
351 385
355 386
356 368
359 387
360 388
361 389
361 390
362 392
362 391
363 393
364 394
364 395
365 396
366 397
366 398
367 370
369 399
370 397
371 400
372 401
373 377
373 402
373 403
378 404
378 405
380 406
381 408
381 407
382 409
383 410
384 411
385 394
386 412
387 415
387 413
387 414
388 416
389 417
390 418
391 419
392 420
393 421
393 422
393 423
394 424
394 425
395 426
396 427
398 428
398 429
399 430
400 432
400 431
401 433
402 414
403 434
405 435
406 436
407 437
408 438
409 439
410 440
411 441
412 442
413 443
414 444
415 445
415 446
415 447
416 448
416 449
417 450
418 451
419 452
419 453
419 454
420 450
421 455
422 449
423 456
424 427
425 457
426 458
428 459
429 458
430 460
431 461
432 462
433 463
434 435
435 464
435 465
436 441
436 466
436 467
437 468
437 469
438 468
438 470
438 471
439 472
440 473
442 474
442 475
443 476
443 477
444 465
444 478
444 479
445 480
446 481
446 482
447 478
448 477
450 483
451 484
452 485
453 456
454 488
454 486
454 487
455 489
457 490
459 492
459 491
460 461
461 493
461 494
462 493
462 495
463 496
464 497
466 498
467 499
469 500
470 501
471 502
472 503
473 504
474 505
474 506
475 507
476 508
479 482
479 509
480 510
481 512
481 511
483 513
484 515
484 514
485 488
485 516
485 517
486 518
487 519
489 520
490 521
491 522
492 523
492 521
494 514
495 524
495 525
496 528
496 527
496 526
497 509
498 529
499 530
500 531
501 532
502 529
503 533
504 534
505 523
505 535
506 536
506 537
507 538
508 539
510 540
511 541
512 542
513 543
515 544
516 545
517 546
518 546
518 547
519 548
520 539
520 549
521 538
522 550
522 551
524 528
525 552
526 553
527 554
529 555
529 556
530 557
531 558
532 559
533 560
534 561
535 562
535 563
536 562
537 564
539 540
540 566
540 565
541 567
542 568
543 569
544 570
545 571
545 549
547 548
547 572
547 573
550 574
551 576
551 575
552 577
552 578
553 579
554 580
555 581
556 582
557 583
558 584
559 585
560 586
560 587
561 588
562 589
563 590
563 574
564 591
565 567
566 592
567 593
567 594
568 595
568 596
569 597
570 598
571 593
571 599
572 600
572 601
573 602
575 603
576 604
577 578
577 605
578 606
578 598
579 607
580 608
580 609
581 610
582 585
582 611
582 612
583 613
584 616
584 614
584 615
585 617
586 618
587 619
588 620
589 621
590 622
590 623
591 624
591 625
591 626
592 627
594 628
596 628
597 629
597 630
599 627
600 631
601 632
601 633
602 634
603 607
604 635
605 636
606 630
607 637
607 638
607 639
608 640
609 641
610 642
611 643
612 644
613 620
613 645
613 646
614 647
615 648
616 649
617 650
618 651
619 652
619 653
619 654
621 656
621 655
622 657
623 656
624 655
625 658
626 659
626 660
629 661
631 662
632 634
633 663
634 664
635 657
636 665
636 666
637 667
638 668
639 669
640 672
640 670
640 671
641 673
642 674
643 675
644 676
645 677
646 678
648 679
649 680
650 682
650 681
651 683
652 684
652 685
652 686
653 687
654 688
657 689
658 690
659 691
660 692
661 693
662 695
662 694
663 696
664 697
665 698
666 699
667 700
668 689
669 701
670 702
671 703
672 704
673 699
674 705
674 706
675 707
676 708
677 709
678 710
679 711
680 712
680 713
681 714
682 715
682 716
683 717
684 718
685 719
686 687
688 690
691 720
692 721
693 694
695 722
696 722
696 723
697 724
698 725
698 726
699 727
700 728
701 720
702 729
703 728
704 730
704 731
705 732
706 733
707 734
708 735
709 736
710 732
711 737
712 738
713 739
714 740
715 740
716 741
717 742
718 743
719 744
720 745
720 746
721 747
723 726
724 748
724 749
725 750
727 751
728 752
728 753
729 754
729 755
729 756
729 757
730 758
731 759
732 760
733 761
734 762
734 764
734 763
735 765
736 766
738 767
739 768
740 769
740 764
741 770
742 771
743 771
744 772
745 773
746 774
747 775
748 776
749 777
750 778
751 779
752 780
752 781
753 782
754 755
754 783
755 784
756 785
757 786
758 787
759 788
760 789
761 790
763 792
763 791
765 793
766 794
767 795
768 796
769 797
770 798
770 799
771 800
772 801
773 802
774 803
775 804
776 805
777 806
778 808
778 809
778 807
779 811
779 810
779 787
780 812
781 813
782 786
783 814
784 816
784 815
785 817
788 814
789 818
789 819
790 820
791 821
793 824
793 822
793 823
794 800
795 825
797 826
798 827
799 828
801 829
802 830
802 813
803 831
804 832
805 809
806 833
807 834
808 810
811 835
812 836
814 837
815 838
816 840
816 839
817 841
818 842
819 843
820 822
821 844
823 845
824 846
825 847
826 848
827 849
828 850
828 851
829 852
829 853
829 854
830 856
830 855
831 857
832 858
832 859
833 860
833 861
834 862
835 863
836 864
837 865
838 865
839 866
840 867
841 868
841 869
842 870
843 871
844 872
844 873
844 846
845 874
847 875
848 876
849 877
850 878
852 879
853 880
854 881
855 882
856 883
857 884
858 885
859 886
860 887
861 888
862 889
862 890
863 891
864 892
865 893
866 895
866 894
867 896
867 897
868 898
868 899
869 900
870 901
871 902
872 903
873 904
874 905
874 906
874 902
875 907
876 908
877 909
877 910
877 911
878 912
879 913
880 914
881 915
882 916
883 917
883 918
884 920
884 919
885 921
886 922
887 890
888 923
889 924
890 925
891 926
892 928
892 929
892 927
893 930
894 898
895 931
895 932
896 931
896 933
897 934
897 935
898 900
899 936
901 937
901 938
903 939
904 940
905 941
906 942
907 943
908 944
909 945
911 946
912 947
913 948
914 949
915 950
916 920
916 951
917 929
918 952
919 953
921 954
921 955
922 956
922 957
923 958
924 960
924 959
925 961
926 962
927 963
928 964
930 934
932 965
933 966
933 959
935 968
935 967
936 969
937 970
938 971
938 949
939 972
939 973
939 974
940 976
940 975
941 974
941 977
942 979
942 978
943 980
944 976
945 981
946 947
947 982
947 983
948 984
949 985
950 986
950 987
951 988
952 990
952 989
953 991
954 992
954 957
955 993
956 994
958 996
958 995
960 967
961 997
962 998
963 999
964 1000
965 1001
966 1002
968 998
969 1003
969 1004
969 1005
969 1006
970 1008
970 1007
971 1009
972 1010
973 1011
975 1012
977 1013
978 1008
979 1014
980 1015
981 1016
981 1017
982 1018
984 1020
984 1019
985 1021
986 1022
987 1023
988 990
989 1024
991 1025
992 1024
993 1026
994 1027
995 1028
995 1029
996 1030
997 1032
997 1031
999 1035
999 1033
999 1034
1000 1036
1000 1037
1001 1040
1001 1038
1001 1039
1002 1041
1003 1042
1004 1043
1005 1044
1006 1045
1009 1046
1009 1047
1010 1048
1011 1049
1012 1050
1012 1051
1013 1014
1014 1052
1015 1053
1015 1054
1016 1055
1017 1056
1017 1057
1018 1058
1019 1059
1020 1060
1021 1061
1022 1062
1023 1064
1023 1063
1025 1065
1026 1066
1026 1067
1027 1065
1028 1068
1029 1069
1030 1070
1031 1070
1032 1071
1033 1042
1034 1072
1035 1073
1036 1074
1037 1075
1038 1076
1039 1077
1040 1076
1040 1077
1040 1078
1041 1079
1043 1080
1044 1081
1045 1082
1045 1083
1046 1084
1047 1085
1048 1088
1048 1086
1048 1087
1049 1089
1050 1090
1052 1091
1053 1092
1054 1093
1055 1094
1056 1095
1057 1096
1059 1097
1059 1098
1059 1099
1060 1100
1061 1084
1061 1101
1062 1102
1063 1103
1064 1104
1066 1105
1066 1106
1067 1107
1068 1108
1069 1109
1070 1108
1071 1110
1072 1111
1073 1112
1074 1113
1074 1114
1074 1115
1075 1116
1076 1118
1076 1117
1077 1120
1077 1119
1078 1121
1078 1117
1078 1119
1079 1122
1079 1123
1079 1124
1080 1120
1081 1125
1081 1126
1081 1127
1082 1125
1083 1128
1085 1129
1085 1130
1086 1091
1087 1131
1088 1132
1089 1133
1090 1134
1090 1135
1091 1136
1092 1137
1093 1138
1095 1139
1095 1140
1096 1141
1097 1142
1098 1143
1099 1144
1100 1145
1101 1146
1102 1147
1103 1148
1103 1149
1104 1150
1104 1151
1105 1152
1106 1153
1107 1154
1108 1110
1109 1155
1110 1156
1111 1157
1112 1158
1112 1127
1113 1159
1114 1160
1114 1161
1115 1154
1115 1162
1116 1158
1118 1123
1121 1163
1122 1164
1122 1165
1124 1166
1126 1167
1128 1168
1129 1169
1130 1170
1130 1171
1131 1171
1131 1172
1132 1173
1133 1174
1135 1176
1135 1175
1136 1170
1137 1177
1138 1178
1139 1179
1140 1180
1141 1181
1142 1182
1143 1183
1144 1184
1144 1185
1144 1186
1145 1184
1145 1187
1146 1188
1147 1189
1148 1190
1149 1191
1150 1192
1151 1193
1152 1194
1153 1195
1153 1196
1154 1197
1155 1198
1155 1199
1156 1200
1157 1201
1159 1202
1160 1203
1160 1202
1161 1204
1162 1205
1163 1208
1163 1168
1163 1206
1163 1207
1164 1208
1164 1209
1165 1211
1165 1210
1166 1200
1166 1212
1167 1213
1167 1214
1168 1215
1171 1185
1172 1216
1173 1217
1174 1218
1176 1219
1177 1220
1179 1221
1180 1222
1181 1223
1182 1224
1182 1225
1183 1226
1183 1227
1186 1228
1187 1188
1189 1229
1191 1230
1192 1231
1193 1232
1194 1233
1195 1234
1196 1235
1197 1236
1198 1237
1198 1238
1199 1239
1202 1240
1203 1241
1204 1242
1204 1243
1204 1244
1205 1245
1206 1209
1206 1246
1206 1247
1207 1248
1207 1249
1210 1250
1210 1251
1210 1212
1211 1252
1212 1239
1213 1253
1214 1240
1215 1254
1216 1255
1217 1256
1217 1257
1218 1258
1219 1259
1220 1260
1221 1261
1222 1262
1223 1263
1224 1264
1225 1265
1226 1266
1227 1267
1228 1268
1229 1269
1230 1270
1231 1272
1231 1271
1232 1274
1232 1275
1232 1273
1233 1276
1234 1277
1235 1278
1235 1279
1236 1280
1237 1281
1238 1282
1239 1251
1240 1241
1240 1283
1241 1284
1241 1285
1242 1286
1243 1287
1244 1288
1245 1288
1245 1289
1245 1290
1246 1291
1247 1292
1248 1292
1249 1254
1250 1293
1250 1294
1250 1295
1251 1296
1251 1295
1252 1294
1253 1297
1253 1254
1255 1256
1255 1298
1257 1299
1258 1300
1259 1301
1260 1302
1261 1304
1261 1303
1262 1305
1263 1306
1264 1307
1265 1308
1265 1309
1266 1310
1267 1311
1268 1312
1269 1313
1270 1271
1272 1314
1273 1315
1274 1316
1275 1317
1276 1318
1276 1319
1277 1319
1278 1320
1279 1280
1280 1321
1280 1322
1281 1323
1282 1324
1283 1325
1284 1326
1284 1327
1285 1328
1286 1329
1287 1330
1289 1321
1290 1331
1291 1294
1291 1293
1292 1332
1292 1333
1292 1334
1293 1335
1295 1336
1296 1324
1297 1337
1298 1338
1299 1339
1299 1300
1301 1340
1301 1341
1302 1342
1303 1343
1304 1305
1306 1344
1307 1345
1307 1346
1307 1347
1308 1314
1308 1348
1309 1349
1311 1350
1312 1351
1313 1352
1315 1354
1315 1353
1316 1355
1317 1348
1317 1356
1318 1357
1320 1358
1320 1359
1322 1360
1323 1361
1324 1363
1324 1362
1325 1364
1325 1365
1325 1366
1326 1367
1327 1368
1328 1369
1329 1370
1329 1371
1330 1372
1330 1373
1330 1374
1331 1375
1332 1376
1333 1337
1333 1377
1334 1378
1335 1379
1335 1380
1336 1381
1338 1382
1339 1383
1340 1384
1341 1385
1342 1386
1343 1387
1344 1388
1345 1389
1346 1390
1347 1391
1349 1392
1350 1393
1351 1394
1351 1395
1352 1396
1353 1397
1354 1398
1355 1399
1356 1400
1357 1401
1358 1402
1359 1403
1360 1404
1361 1405
1361 1406
1362 1407
1363 1408
1364 1409
1365 1410
1366 1367
1368 1411
1368 1412
1369 1413
1369 1414
1369 1415
1370 1416
1371 1417
1372 1418
1373 1419
1374 1420
1375 1419
1375 1421
1375 1422
1376 1409
1377 1410
1378 1423
1379 1424
1380 1424
1380 1425
1381 1408
1381 1426
1381 1427
1382 1428
1382 1429
1383 1428
1384 1430
1385 1431
1386 1432
1387 1433
1387 1434
1388 1435
1389 1436
1390 1437
1391 1438
1392 1437
1392 1439
1393 1436
1394 1440
1395 1441
1396 1401
1397 1442
1398 1443
1398 1444
1399 1445
1401 1448
1401 1446
1401 1447
1402 1449
1402 1450
1402 1404
1403 1451
1403 1452
1404 1453
1404 1454
1406 1455
1407 1456
1409 1457
1411 1458
1412 1459
1413 1460
1414 1461
1415 1462
1416 1463
1418 1464
1420 1465
1421 1466
1422 1453
1423 1425
1423 1467
1423 1468
1424 1469
1424 1470
1426 1471
1427 1470
1429 1472
1430 1473
1431 1474
1432 1475
1433 1476
1435 1477
1436 1478
1436 1479
1437 1480
1438 1481
1438 1482
1439 1483
1440 1484
1441 1485
1442 1486
1443 1487
1444 1488
1444 1489
1445 1490
1445 1491
1445 1492
1446 1493
1447 1494
1448 1495
1449 1496
1450 1497
1451 1497
1452 1498
1452 1499
1454 1500
1455 1456
1456 1501
1456 1502
1457 1503
1458 1504
1459 1505
1459 1506
1460 1507
1460 1508
1461 1509
1462 1510
1463 1511
1464 1512
1465 1513
1466 1514
1467 1515
1468 1516
1469 1517
1470 1518
1470 1519
1471 1520
1471 1502
1472 1484
1473 1521
1473 1522
1474 1523
1474 1524
1474 1525
1475 1526
1477 1527
1478 1485
1479 1528
1480 1529
1480 1530
1481 1531
1482 1530
1483 1490
1486 1491
1486 1532
1487 1533
1488 1534
1489 1535
1492 1536
1493 1537
1494 1538
1495 1539
1496 1540
1498 1541
1499 1542
1500 1543
1501 1544
1503 1545
1504 1547
1504 1508
1504 1546
1505 1548
1506 1549
1508 1550
1508 1551
1509 1552
1510 1553
1510 1554
1510 1555
1510 1556
1511 1557
1512 1558
1512 1559
1513 1557
1514 1560
1514 1558
1515 1561
1516 1562
1517 1563
1517 1564
1517 1519
1518 1520
1518 1566
1518 1565
1518 1567
1519 1568
1519 1569
1521 1570
1522 1571
1523 1572
1524 1573
1525 1574
1526 1576
1526 1575
1527 1577
1528 1578
1529 1579
1531 1580
1532 1581
1533 1582
1534 1583
1535 1584
1535 1585
1536 1586
1537 1587
1538 1588
1539 1589
1540 1590
1541 1587
1542 1592
1542 1587
1542 1591
1543 1593
1543 1594
1545 1595
1546 1596
1546 1597
1546 1550
1547 1598
1548 1598
1549 1599
1550 1600
1551 1601
1551 1556
1552 1602
1552 1603
1553 1604
1554 1605
1555 1606
1557 1607
1559 1608
1559 1609
1560 1594
1561 1611
1561 1564
1561 1610
1562 1612
1562 1611
1562 1613
1563 1568
1563 1614
1563 1615
1565 1616
1566 1616
1567 1569
1568 1617
1568 1618
1569 1617
1570 1619
1571 1620
1572 1621
1573 1622
1573 1623
1574 1624
1575 1592
1575 1625
1576 1626
1577 1627
1578 1628
1579 1629
1580 1630
1581 1632
1581 1631
1582 1632
1583 1633
1584 1634
1585 1635
1586 1636
1586 1637
1588 1638
1589 1639
1590 1640
1591 1592
1591 1641
1593 1642
1595 1643
1595 1644
1595 1645
1596 1646
1597 1647
1598 1648
1598 1647
1599 1649
1599 1650
1600 1601
1601 1604
1601 1646
1601 1651
1601 1652
1602 1653
1603 1654
1605 1656
1605 1655
1606 1657
1606 1652
1607 1655
1608 1658
1609 1659
1610 1660
1610 1661
1610 1615
1612 1662
1613 1663
1614 1664
1614 1665
1614 1618
1617 1666
1618 1664
1619 1667
1620 1668
1621 1669
1622 1670
1623 1671
1624 1672
1625 1673
1626 1674
1627 1675
1628 1676
1629 1677
1630 1678
1631 1679
1632 1680
1633 1681
1633 1682
1634 1683
1635 1684
1636 1685
1637 1686
1638 1687
1639 1688
1640 1689
1641 1690
1642 1691
1643 1663
1644 1692
1644 1693
1644 1645
1645 1663
1645 1692
1645 1694
1645 1695
1646 1696
1646 1697
1647 1698
1647 1699
1648 1700
1649 1700
1649 1701
1650 1702
1651 1703
1653 1704
1654 1705
1656 1706
1657 1707
1657 1708
1658 1709
1658 1710
1658 1711
1659 1712
1660 1713
1661 1662
1662 1714
1663 1694
1664 1715
1664 1716
1664 1666
1665 1717
1667 1718
1668 1672
1669 1719
1670 1720
1670 1721
1671 1720
1671 1722
1671 1723
1672 1724
1673 1725
1674 1726
1675 1728
1675 1727
1676 1729
1677 1685
1678 1729
1679 1730
1679 1731
1680 1732
1681 1683
1681 1733
1682 1734
1684 1735
1686 1736
1687 1737
1688 1738
1689 1739
1690 1740
1691 1741
1691 1742
1692 1744
1692 1743
1693 1702
1694 1745
1694 1695
1695 1744
1695 1746
1696 1747
1697 1748
1698 1749
1699 1750
1701 1752
1701 1749
1701 1751
1702 1751
1703 1753
1704 1754
1705 1755
1706 1756
1707 1757
1708 1758
1709 1759
1710 1741
1711 1760
1712 1761
1713 1762
1714 1745
1715 1763
1715 1764
1716 1765
1717 1766
1718 1767
1719 1768
1721 1769
1721 1770
1722 1771
1723 1772
1724 1773
1724 1767
1725 1774
1726 1775
1727 1776
1728 1777
1730 1778
1731 1779
1732 1780
1732 1781
1733 1782
1734 1784
1734 1783
1735 1785
1736 1786
1737 1787
1737 1788
1738 1789
1738 1790
1739 1791
1740 1792
1742 1793
1743 1794
1746 1795
1747 1796
1747 1797
1748 1798
1750 1800
1750 1799
1752 1801
1753 1802
1754 1803
1755 1804
1756 1804
1756 1805
1757 1802
1758 1761
1758 1806
1759 1807
1760 1808
1761 1808
1762 1766
1762 1809
1763 1811
1763 1810
1764 1812
1768 1813
1769 1814
1770 1815
1771 1816
1772 1817
1773 1818
1774 1819
1775 1820
1776 1821
1777 1822
1778 1823
1779 1824
1780 1825
1781 1823
1782 1826
1783 1827
1784 1828
1785 1832
1785 1831
1785 1829
1785 1830
1786 1833
1787 1834
1788 1835
1789 1836
1790 1835
1791 1837
1792 1838
1793 1839
1794 1840
1795 1841
1796 1842
1797 1802
1798 1843
1799 1844
1800 1845
1801 1846
1802 1847
1803 1848
1805 1849
1806 1850
1807 1851
1807 1852
1807 1853
1808 1854
1808 1855
1809 1856
1810 1857
1811 1858
1812 1859
1813 1860
1813 1861
1813 1862
1813 1863
1814 1864
1815 1865
1816 1868
1816 1866
1816 1867
1817 1869
1818 1870
1819 1871
1820 1872
1820 1871
1821 1873
1822 1874
1823 1875
1824 1876
1825 1828
1826 1880
1826 1878
1826 1877
1826 1879
1827 1881
1829 1882
1829 1883
1830 1884
1831 1885
1832 1886
1833 1888
1833 1887
1834 1889
1836 1890
1837 1891
1838 1892
1839 1893
1839 1894
1839 1895
1840 1896
1841 1897
1842 1898
1843 1899
1843 1900
1843 1845
1844 1901
1844 1902
1846 1904
1846 1903
1847 1905
1848 1906
1849 1907
1850 1908
1851 1909
1852 1910
1853 1895
1854 1911
1855 1908
1856 1912
1857 1913
1857 1914
1858 1915
1858 1916
1859 1917
1860 1918
1861 1919
1862 1920
1863 1921
1864 1918
1865 1922
1866 1923
1867 1924
1868 1925
1869 1926
1870 1928
1870 1927
1871 1929
1872 1930
1873 1931
1874 1932
1875 1933
1876 1934
1877 1884
1878 1935
1879 1936
1880 1937
1881 1938
1881 1939
1882 1940
1883 1941
1885 1942
1886 1943
1887 1944
1888 1934
1889 1945
1890 1946
1891 1947
1891 1894
1892 1948
1893 1949
1896 1950
1897 1951
1898 1952
1898 1953
1898 1954
1899 1955
1900 1956
1901 1957
1902 1958
1902 1959
1903 1950
1904 1960
1906 1961
1907 1962
1908 1963
1908 1964
1909 1911
1910 1965
1911 1966
1912 1968
1912 1967
1914 1970
1914 1969
1915 1971
1916 1971
1916 1972
1917 1968
1917 1973
1917 1974
1919 1975
1920 1976
1921 1977
1922 1978
1922 1979
1922 1925
1923 1980
1923 1981
1923 1982
1924 1983
1926 1984
1927 1985
1928 1986
1929 1987
1930 1988
1931 1989
1932 1990
1933 1992
1933 1991
1934 1993
1935 1994
1935 1995
1936 1995
1936 1996
1937 1997
1937 1998
1938 1999
1939 2000
1940 2001
1941 2002
1942 2003
1943 2004
1944 2005
1945 2006
1946 2007
1947 2008
1948 2009
1949 2010
1950 2011
1951 2012
1951 2013
1952 2014
1953 2015
1954 2016
1955 2017
1956 2018
1959 2019
1960 2020
1960 2021
1960 2022
1961 2023
1962 2024
1963 2025
1964 2026
1965 2027
1966 2028
1967 2029
1969 2030
1969 2031
1970 2032
1970 1971
1972 2032
1973 2033
1974 2032
1975 2034
1976 2035
1977 2036
1977 2037
1978 2038
1979 2039
1980 2040
1981 2041
1982 2042
1983 2043
1984 1986
1987 2044
1988 2045
1988 2046
1989 2047
1990 2048
1991 2049
1992 2050
1993 2051
1994 2052
1994 2053
1994 2054
1996 2056
1996 2057
1996 2055
1997 2054
1998 2058
1999 2059
1999 2060
2000 2061
2001 2062
2001 2063
2002 2064
2003 2065
2004 2066
2005 2067
2006 2068
2007 2069
2008 2070
2009 2072
2009 2071
2010 2073
2011 2074
2012 2075
2013 2074
2014 2076
2015 2077
2016 2025
2016 2078
2017 2079
2018 2019
2019 2080
2020 2080
2021 2081
2022 2082
2023 2083
2024 2083
2026 2084
2027 2087
2027 2086
2027 2085
2028 2086
2029 2088
2030 2089
2031 2090
2032 2091
2033 2092
2034 2093
2035 2094
2036 2095
2037 2096
2037 2097
2039 2098
2040 2100
2040 2099
2042 2102
2042 2101
2042 2103
2043 2104
2044 2105
2045 2106
2046 2107
2047 2108
2048 2109
2049 2110
2050 2111
2051 2112
2052 2057
2053 2113
2055 2114
2056 2115
2058 2116
2058 2117
2058 2118
2061 2120
2061 2119
2062 2121
2063 2122
2064 2065
2065 2123
2065 2124
2066 2124
2067 2126
2067 2125
2068 2127
2069 2128
2070 2129
2070 2130
2071 2122
2071 2131
2072 2132
2072 2133
2073 2134
2073 2135
2075 2088
2076 2136
2076 2137
2076 2138
2077 2139
2077 2140
2078 2141
2079 2142
2081 2092
2082 2143
2084 2144
2085 2145
2087 2146
2088 2147
2089 2148
2090 2149
2091 2150
2092 2151
2092 2147
2093 2152
2093 2153
2093 2154
2094 2155
2095 2156
2096 2157
2097 2158
2098 2101
2099 2159
2100 2160
2102 2161
2103 2162
2105 2164
2105 2163
2105 2165
2106 2166
2107 2168
2107 2167
2108 2169
2109 2170
2110 2171
2110 2172
2110 2173
2112 2174
2113 2175
2114 2176
2115 2177
2116 2178
2117 2179
2118 2121
2119 2180
2120 2181
2123 2182
2125 2184
2125 2185
2125 2154
2125 2183
2126 2185
2127 2186
2128 2187
2129 2188
2130 2189
2131 2190
2132 2191
2133 2192
2134 2194
2134 2193
2135 2145
2136 2195
2137 2142
2138 2196
2139 2197
2140 2198
2141 2199
2143 2200
2144 2201
2144 2202
2146 2203
2148 2204
2148 2205
2149 2206
2149 2207
2150 2208
2150 2151
2152 2209
2153 2210
2155 2211
2156 2212
2157 2213
2158 2214
2159 2216
2159 2215
2160 2217
2161 2218
2162 2219
2163 2220
2164 2221
2165 2222
2166 2223
2167 2224
2167 2225
2168 2226
2169 2227
2170 2228
2171 2180
2172 2229
2173 2174
2175 2232
2175 2230
2175 2231
2176 2233
2177 2234
2178 2235
2179 2236
2179 2237
2181 2238
2182 2240
2182 2239
2183 2241
2184 2242
2185 2243
2185 2244
2186 2245
2187 2246
2188 2248
2188 2249
2188 2247
2189 2250
2190 2251
2191 2251
2192 2252
2193 2254
2193 2253
2194 2255
2195 2256
2195 2257
2196 2259
2196 2258
2197 2260
2197 2261
2198 2262
2199 2264
2199 2263
2200 2265
2201 2266
2202 2264
2203 2267
2203 2268
2203 2255
2204 2269
2205 2270
2206 2269
2207 2272
2207 2271
2208 2273
2209 2274
2210 2275
2211 2276
2212 2277
2213 2278
2214 2279
2215 2280
2216 2218
2217 2281
2218 2282
2219 2283
2220 2284
2221 2285
2222 2225
2223 2286
2224 2287
2226 2288
2227 2290
2227 2289
2228 2291
2229 2292
2230 2293
2231 2294
2232 2295
2233 2296
2234 2297
2235 2299
2235 2300
2235 2298
2236 2301
2237 2293
2238 2302
2239 2303
2240 2304
2241 2305
2242 2306
2243 2307
2244 2308
2245 2309
2246 2310
2247 2311
2248 2254
2249 2312
2250 2313
2251 2300
2252 2314
2253 2315
2256 2316
2257 2317
2258 2318
2259 2319
2260 2320
2261 2321
2262 2263
2265 2322
2265 2323
2265 2324
2266 2325
2267 2326
2268 2327
2269 2328
2270 2329
2270 2330
2271 2331
2271 2332
2272 2333
2273 2330
2274 2334
2275 2335
2276 2336
2277 2337
2278 2338
2279 2339
2280 2340
2282 2341
2283 2342
2284 2343
2285 2344
2285 2345
2285 2346
2286 2347
2287 2348
2287 2349
2288 2350
2288 2351
2289 2352
2289 2353
2290 2354
2291 2355
2292 2356
2292 2357
2294 2359
2294 2358
2295 2360
2295 2361
2296 2362
2297 2363
2298 2364
2299 2365
2301 2366
2302 2367
2303 2368
2304 2369
2305 2370
2306 2371
2307 2372
2307 2373
2308 2374
2309 2375
2310 2369
2311 2376
2311 2377
2312 2378
2313 2379
2313 2380
2313 2343
2314 2381
2315 2382
2316 2319
2317 2383
2318 2384
2319 2385
2320 2386
2321 2387
2322 2388
2323 2389
2324 2390
2325 2392
2325 2391
2326 2393
2327 2396
2327 2394
2327 2395
2328 2397
2329 2398
2331 2400
2331 2399
2332 2401
2333 2402
2333 2403
2333 2404
2334 2405
2334 2406
2334 2407
2335 2408
2336 2409
2337 2408
2338 2354
2339 2410
2340 2411
2342 2412
2344 2413
2345 2414
2345 2415
2346 2416
2347 2417
2348 2418
2348 2350
2349 2419
2350 2420
2351 2421
2352 2410
2353 2422
2355 2423
2356 2424
2357 2425
2358 2426
2359 2427
2360 2428
2360 2429
2360 2430
2361 2431
2362 2432
2363 2429
2364 2433
2365 2434
2366 2435
2367 2436
2368 2437
2371 2438
2372 2439
2373 2440
2374 2440
2374 2441
2375 2442
2376 2382
2377 2443
2378 2444
2379 2444
2379 2445
2380 2446
2381 2448
2381 2447
2383 2449
2383 2450
2384 2451
2384 2390
2386 2452
2386 2453
2386 2454
2387 2455
2388 2456
2388 2457
2389 2458
2391 2459
2392 2460
2393 2394
2393 2461
2395 2463
2395 2462
2396 2464
2397 2465
2398 2466
2399 2468
2399 2467
2400 2469
2401 2470
2401 2471
2402 2472
2402 2473
2403 2474
2403 2475
2404 2473
2404 2475
2404 2476
2405 2441
2406 2477
2407 2478
2409 2479
2411 2480
2412 2481
2412 2482
2413 2483
2413 2484
2414 2485
2415 2486
2416 2488
2416 2487
2417 2489
2418 2490
2418 2491
2419 2492
2419 2493
2420 2494
2421 2495
2422 2496
2423 2497
2424 2498
2424 2499
2425 2500
2425 2501
2426 2431
2427 2502
2428 2503
2430 2504
2431 2506
2431 2505
2432 2507
2433 2435
2434 2508
2435 2510
2435 2509
2436 2511
2437 2512
2437 2442
2438 2513
2438 2514
2439 2500
2443 2461
2445 2515
2446 2516
2447 2517
2448 2518
2449 2519
2450 2520
2451 2521
2452 2522
2453 2523
2454 2524
2455 2525
2456 2526
2457 2471
2457 2527
2458 2528
2458 2529
2458 2469
2459 2530
2460 2525
2462 2531
2463 2532
2464 2532
2465 2467
2466 2534
2466 2533
2468 2534
2470 2535
2472 2536
2473 2537
2474 2538
2475 2539
2476 2540
2477 2542
2477 2541
2478 2543
2479 2544
2480 2545
2481 2546
2482 2547
2483 2548
2484 2549
2485 2550
2486 2551
2487 2552
2488 2553
2489 2554
2491 2555
2492 2556
2492 2557
2493 2558
2494 2559
2495 2552
2496 2560
2497 2561
2498 2562
2499 2563
2501 2542
2502 2564
2503 2565
2503 2566
2503 2567
2504 2568
2504 2505
2506 2569
2507 2570
2508 2571
2508 2572
2508 2573
2509 2574
2510 2575
2511 2576
2512 2577
2513 2560
2514 2578
2515 2579
2516 2580
2517 2581
2518 2572
2519 2582
2520 2521
2520 2526
2522 2582
2523 2583
2524 2584
2525 2585
2527 2586
2528 2533
2529 2587
2530 2588
2531 2589
2532 2590
2535 2591
2536 2592
2537 2593
2538 2594
2539 2594
2540 2596
2540 2595
2541 2597
2543 2598
2544 2599
2545 2600
2545 2601
2546 2601
2547 2602
2548 2603
2549 2604
2550 2605
2551 2606
2553 2607
2554 2608
2555 2609
2555 2610
2556 2611
2557 2612
2558 2613
2559 2614
2559 2615
2560 2616
2561 2617
2562 2618
2563 2619
2564 2620
2564 2574
2565 2621
2565 2622
2566 2624
2566 2623
2567 2625
2568 2626
2569 2627
2569 2628
2570 2629
2571 2630
2573 2631
2575 2632
2575 2631
2576 2633
2576 2629
2577 2634
2578 2635
2579 2580
2580 2636
2581 2638
2581 2637
2582 2639
2583 2640
2584 2641
2584 2642
2585 2643
2586 2644
2587 2645
2588 2648
2588 2646
2588 2647
2589 2649
2590 2648
2591 2650
2591 2651
2591 2652
2592 2593
2592 2653
2594 2654
2595 2656
2595 2657
2595 2655
2596 2658
2597 2659
2597 2660
2598 2661
2599 2662
2600 2663
2602 2664
2603 2606
2604 2665
2604 2666
2605 2667
2607 2668
2608 2669
2609 2612
2610 2670
2611 2671
2612 2672
2613 2673
2614 2674
2615 2675
2616 2676
2617 2677
2618 2678
2618 2679
2619 2680
2619 2681
2620 2684
2620 2682
2620 2683
2621 2685
2622 2686
2623 2688
2623 2687
2624 2626
2625 2689
2625 2633
2625 2690
2626 2691
2626 2692
2627 2693
2628 2683
2630 2694
2632 2695
2634 2696
2635 2697
2636 2698
2637 2699
2638 2700
2638 2701
2639 2702
2640 2704
2640 2705
2640 2703
2641 2643
2642 2646
2644 2706
2647 2707
2649 2708
2650 2709
2651 2656
2651 2710
2652 2711
2653 2712
2654 2713
2654 2710
2655 2714
2657 2715
2658 2716
2658 2714
2659 2717
2660 2718
2661 2719
2662 2720
2663 2721
2664 2722
2665 2723
2666 2724
2667 2725
2668 2727
2668 2726
2669 2728
2670 2674
2671 2729
2672 2730
2673 2731
2675 2732
2676 2733
2677 2734
2678 2735
2679 2736
2680 2737
2681 2738
2682 2739
2684 2740
2685 2741
2686 2742
2687 2741
2688 2743
2689 2744
2690 2745
2691 2746
2692 2747
2692 2743
2693 2748
2694 2749
2695 2752
2695 2750
2695 2751
2696 2753
2697 2754
2698 2756
2698 2755
2699 2757
2700 2758
2701 2759
2702 2760
2702 2761
2703 2762
2704 2761
2705 2763
2706 2764
2707 2765
2708 2768
2708 2766
2708 2767
2709 2769
2710 2770
2711 2771
2712 2772
2713 2773
2715 2774
2715 2775
2717 2776
2718 2777
2719 2778
2719 2779
2719 2780
2720 2733
2721 2781
2722 2782
2723 2784
2723 2783
2724 2785
2725 2786
2725 2787
2726 2788
2727 2789
2728 2790
2729 2791
2730 2792
2731 2793
2732 2788
2734 2794
2735 2795
2736 2796
2737 2795
2738 2797
2739 2798
2740 2799
2740 2751
2741 2800
2742 2801
2742 2802
2744 2803
2745 2804
2746 2805
2747 2806
2748 2805
2748 2807
2749 2808
2749 2809
2749 2757
2750 2810
2752 2799
2753 2811
2754 2812
2755 2813
2756 2814
2758 2816
2758 2815
2759 2817
2760 2818
2762 2819
2763 2820
2764 2821
2764 2822
2764 2823
2765 2824
2766 2825
2767 2826
2768 2827
2769 2828
2769 2829
2770 2830
2771 2775
2775 2831
2776 2832
2777 2833
2778 2834
2779 2835
2780 2836
2780 2837
2781 2838
2782 2840
2782 2839
2783 2841
2783 2842
2784 2843
2785 2844
2786 2845
2787 2846
2789 2847
2790 2848
2791 2849
2792 2850
2793 2851
2794 2852
2795 2853
2796 2832
2797 2856
2797 2854
2797 2855
2798 2859
2798 2857
2798 2858
2799 2860
2799 2858
2799 2861
2800 2862
2800 2863
2801 2864
2802 2865
2803 2866
2804 2867
2806 2868
2806 2869
2807 2857
2808 2870
2809 2871
2810 2872
2812 2873
2813 2874
2814 2875
2815 2876
2816 2877
2817 2879
2817 2878
2818 2880
2818 2881
2819 2882
2820 2883
2820 2884
2821 2885
2822 2886
2823 2881
2824 2827
2826 2887
2827 2888
2827 2889
2828 2890
2828 2891
2828 2892
2829 2893
2833 2894
2833 2895
2834 2896
2835 2894
2836 2897
2837 2898
2838 2899
2839 2900
2840 2901
2841 2902
2841 2903
2841 2904
2841 2905
2841 2906
2842 2907
2843 2908
2844 2909
2845 2902
2845 2910
2846 2911
2847 2912
2848 2913
2849 2914
2850 2915
2851 2874
2851 2916
2852 2917
2853 2918
2854 2920
2854 2919
2855 2921
2856 2922
2856 2923
2859 2924
2860 2925
2861 2926
2862 2927
2863 2868
2864 2928
2865 2929
2866 2923
2867 2930
2869 2931
2869 2932
2870 2933
2871 2934
2871 2878
2872 2935
2873 2936
2875 2937
2876 2938
2876 2939
2877 2940
2879 2941
2880 2942
2882 2943
2883 2944
2884 2945
2885 2892
2885 2893
2886 2946
2887 2937
2888 2947
2889 2948
2890 2949
2895 2950
2896 2951
2897 2952
2897 2953
2898 2954
2899 2955
2900 2951
2901 2956
2901 2957
2903 2958
2903 2905
2904 2959
2905 2960
2906 2962
2906 2961
2907 2963
2908 2964
2909 2965
2910 2966
2911 2967
2912 2968
2912 2969
2912 2970
2913 2971
2914 2972
2915 2973
2917 2974
2918 2975
2919 2976
2920 2977
2921 2978
2922 2979
2924 2980
2925 2981
2926 2982
2927 2983
2928 2984
2928 2986
2928 2985
2929 2987
2929 2988
2930 2989
2931 2990
2932 2988
2933 2991
2934 2992
2935 2993
2935 2994
2936 2995
2938 2996
2939 2997
2940 2998
2941 2998
2942 2999
2943 3000
2943 2945
2944 3001
2946 3002
2946 3003
2947 3000
2949 3003
2949 3004
2950 3005
2951 3006
2951 3007
2952 3008
2953 3009
2954 3011
2954 3010
2955 3012
2956 3013
2957 3014
2958 2959
2958 3015
2960 3016
2961 3017
2962 3018
2963 3019
2964 3020
2965 3021
2966 3022
2967 3023
2968 3024
2968 3026
2968 3025
2969 3027
2970 3028
2971 3027
2972 3029
2972 3030
2972 3031
2973 3032
2974 3033
2975 2978
2976 3034
2977 3035
2978 3036
2980 3037
2980 3038
2981 3040
2981 3041
2981 3039
2982 3042
2983 3043
2984 3044
2985 3045
2986 3046
2987 3043
2989 3047
2990 3048
2990 3044
2991 3049
2992 3050
2992 3051
2992 3052
2993 3040
2994 3049
2994 3053
2995 3033
2996 3054
2997 3056
2997 3055
2998 3057
2998 3058
2999 3059
3001 3060
3002 3061
3005 3062
3006 3063
3007 3064
3008 3065
3009 3066
3010 3034
3011 3067
3012 3068
3013 3069
3013 3070
3014 3071
3014 3063
3015 3072
3015 3073
3015 3074
3016 3075
3017 3076
3018 3077
3019 3022
3020 3078
3021 3028
3023 3079
3024 3080
3025 3081
3026 3082
3027 3083
3029 3084
3030 3085
3031 3086
3032 3088
3032 3087
3035 3089
3036 3090
3037 3091
3038 3092
3039 3093
3041 3094
3042 3094
3042 3095
3045 3096
3045 3098
3045 3097
3046 3099
3047 3099
3047 3100
3047 3102
3047 3101
3048 3103
3050 3058
3051 3104
3052 3105
3054 3106
3055 3107
3056 3108
3056 3109
3057 3110
3060 3111
3062 3112
3064 3113
3065 3114
3065 3115
3065 3116
3066 3117
3066 3118
3066 3119
3067 3114
3068 3069
3070 3120
3071 3121
3072 3122
3073 3123
3074 3124
3075 3125
3075 3126
3075 3127
3076 3128
3077 3129
3078 3130
3079 3131
3080 3132
3081 3133
3082 3134
3083 3087
3085 3135
3086 3136
3086 3137
3086 3138
3088 3138
3089 3139
3090 3140
3091 3141
3092 3142
3093 3144
3093 3143
3095 3145
3095 3146
3096 3147
3097 3102
3098 3148
3100 3149
3101 3150
3103 3152
3103 3151
3104 3153
3105 3154
3106 3155
3106 3156
3107 3157
3108 3158
3109 3159
3110 3156
3111 3160
3112 3161
3113 3162
3113 3163
3113 3164
3115 3165
3116 3166
3117 3162
3118 3167
3119 3168
3120 3169
3120 3170
3121 3170
3122 3171
3123 3172
3124 3158
3125 3173
3126 3174
3127 3175
3128 3176
3129 3177
3129 3178
3129 3179
3130 3180
3131 3172
3132 3181
3133 3182
3134 3183
3135 3184
3136 3185
3136 3186
3136 3187
3138 3187
3138 3188
3139 3189
3139 3166
3140 3161
3141 3190
3142 3191
3143 3192
3144 3193
3145 3194
3145 3195
3146 3196
3146 3197
3147 3198
3147 3199
3148 3200
3148 3201
3149 3202
3150 3203
3150 3189
3151 3204
3152 3205
3153 3206
3153 3207
3154 3208
3154 3210
3154 3209
3155 3211
3157 3211
3159 3212
3160 3213
3163 3214
3164 3215
3165 3216
3167 3217
3168 3218
3169 3219
3171 3220
3173 3221
3174 3220
3175 3222
3176 3223
3177 3224
3178 3225
3179 3183
3180 3181
3182 3226
3183 3227
3184 3228
3185 3229
3187 3226
3188 3230
3190 3231
3191 3232
3192 3233
3193 3234
3194 3235
3194 3236
3194 3237
3195 3233
3196 3238
3197 3239
3198 3240
3199 3241
3200 3242
3200 3243
3201 3240
3202 3244
3202 3245
3203 3216
3204 3246
3205 3247
3206 3248
3207 3249
3208 3250
3209 3251
3210 3252
3211 3250
3211 3253
3212 3253
3214 3254
3214 3255
3215 3256
3216 3217
3216 3257
3218 3258
3219 3259
3220 3260
3220 3261
3221 3262
3222 3264
3222 3265
3222 3263
3223 3227
3224 3263
3225 3266
3228 3267
3229 3268
3230 3269
3231 3270
3232 3270
3233 3237
3233 3271
3234 3272
3234 3274
3234 3273
3235 3275
3236 3276
3238 3277
3239 3278
3241 3279
3242 3280
3243 3281
3243 3282
3244 3283
3244 3284
3245 3285
3246 3286
3247 3288
3247 3289
3247 3287
3248 3290
3249 3290
3251 3291
3251 3292
3252 3293
3254 3294
3255 3296
3255 3295
3256 3297
3256 3298
3257 3299
3258 3300
3258 3301
3259 3302
3260 3303
3261 3292
3262 3304
3262 3305
3264 3306
3265 3307
3266 3308
3267 3269
3268 3310
3268 3309
3270 3311
3271 3312
3272 3313
3273 3314
3274 3315
3275 3316
3275 3317
3276 3318
3277 3320
3277 3321
3277 3319
3278 3322
3278 3323
3279 3324
3280 3325
3281 3326
3282 3327
3283 3328
3284 3329
3285 3325
3286 3330
3286 3324
3287 3331
3288 3332
3289 3311
3290 3315
3291 3333
3293 3334
3294 3301
3295 3335
3296 3336
3297 3337
3297 3338
3298 3339
3299 3340
3300 3341
3302 3344
3302 3342
3302 3343
3303 3345
3304 3346
3305 3347
3306 3348
3307 3349
3308 3350
3309 3351
3310 3352
3312 3353
3313 3353
3314 3354
3316 3355
3316 3356
3317 3357
3317 3358
3318 3359
3320 3360
3321 3323
3322 3361
3326 3362
3327 3363
3328 3364
3329 3365
3329 3366
3329 3367
3330 3368
3330 3369
3331 3368
3332 3360
3333 3370
3334 3371
3334 3372
3335 3375
3335 3373
3335 3374
3336 3376
3337 3377
3338 3378
3338 3379
3339 3380
3339 3375
3340 3364
3340 3381
3341 3382
3341 3383
3342 3384
3343 3385
3344 3386
3345 3387
3346 3388
3347 3389
3348 3390
3349 3391
3350 3392
3351 3393
3352 3394
3352 3395
3353 3396
3353 3397
3354 3398
3355 3399
3356 3400
3357 3397
3358 3401
3359 3402
3359 3403
3359 3399
3361 3403
3361 3404
3362 3406
3362 3405
3362 3407
3363 3408
3365 3408
3366 3409
3367 3410
3369 3411
3370 3387
3371 3412
3372 3416
3372 3414
3372 3413
3372 3415
3373 3417
3374 3418
3376 3419
3377 3420
3378 3421
3379 3380
3381 3422
3382 3424
3382 3423
3383 3425
3384 3426
3384 3427
3384 3428
3385 3420
3386 3429
3386 3430
3387 3431
3388 3432
3388 3433
3389 3435
3389 3434
3390 3436
3391 3437
3392 3438
3393 3439
3394 3440
3395 3441
3396 3442
3398 3443
3398 3444
3400 3445
3400 3446
3400 3447
3401 3447
3402 3448
3404 3449
3405 3450
3406 3451
3407 3452
3409 3453
3410 3454
3411 3455
3412 3444
3413 3456
3414 3457
3415 3458
3416 3459
3417 3460
3417 3461
3418 3462
3419 3425
3420 3463
3421 3464
3421 3465
3422 3466
3422 3467
3423 3468
3424 3466
3426 3469
3426 3470
3426 3471
3427 3472
3428 3473
3428 3474
3429 3475
3430 3476
3431 3435
3432 3477
3433 3478
3434 3479
3435 3480
3435 3481
3436 3482
3436 3483
3437 3484
3437 3485
3438 3486
3439 3487
3440 3488
3441 3489
3442 3490
3443 3491
3445 3492
3446 3493
3447 3494
3447 3495
3448 3496
3448 3497
3449 3455
3450 3498
3451 3499
3452 3454
3453 3467
3454 3500
3454 3501
3456 3504
3456 3502
3456 3503
3457 3505
3458 3506
3459 3507
3460 3508
3461 3509
3462 3510
3462 3511
3463 3471
3464 3512
3465 3513
3467 3514
3467 3515
3467 3516
3468 3516
3468 3517
3469 3518
3470 3519
3472 3520
3473 3476
3475 3521
3477 3522
3477 3523
3478 3523
3478 3524
3479 3525
3479 3526
3480 3527
3481 3528
3482 3529
3483 3530
3484 3531
3485 3532
3486 3533
3487 3534
3488 3535
3489 3536
3490 3537
3490 3491
3492 3496
3493 3538
3493 3539
3494 3540
3495 3541
3496 3497
3496 3542
3497 3543
3498 3544
3500 3545
3501 3546
3502 3547
3502 3548
3503 3507
3504 3549
3505 3550
3506 3551
3507 3552
3508 3553
3508 3554
3509 3517
3510 3555
3511 3556
3512 3557
3512 3558
3513 3560
3513 3559
3514 3561
3515 3562
3518 3563
3519 3564
3520 3565
3520 3566
3521 3567
3522 3568
3522 3569
3524 3532
3525 3570
3526 3528
3527 3571
3528 3572
3529 3573
3530 3574
3531 3575
3532 3576
3533 3577
3534 3578
3535 3579
3535 3580
3536 3581
3537 3582
3538 3583
3539 3584
3540 3585
3540 3583
3541 3551
3542 3586
3543 3587
3543 3588
3544 3589
3545 3590
3546 3591
3547 3592
3547 3593
3547 3594
3548 3595
3548 3596
3548 3597
3548 3598
3548 3599
3549 3600
3549 3602
3549 3601
3550 3603
3551 3604
3551 3582
3552 3605
3552 3606
3552 3571
3553 3607
3554 3608
3555 3608
3555 3609
3556 3610
3557 3611
3558 3612
3559 3613
3560 3614
3560 3615
3561 3616
3562 3617
3563 3618
3563 3619
3564 3620
3565 3621
3567 3622
3568 3623
3569 3624
3569 3625
3570 3626
3572 3627
3573 3575
3574 3628
3574 3629
3575 3630
3575 3631
3576 3632
3576 3633
3577 3634
3578 3635
3579 3636
3579 3637
3580 3639
3580 3638
3581 3640
3584 3641
3585 3642
3586 3643
3587 3644
3588 3645
3589 3646
3590 3647
3591 3616
3592 3648
3592 3649
3593 3650
3594 3651
3594 3652
3595 3653
3596 3654
3597 3655
3598 3656
3598 3657
3599 3658
3599 3603
3600 3651
3601 3606
3602 3659
3604 3660
3605 3627
3607 3661
3609 3662
3609 3663
3610 3664
3610 3665
3610 3666
3611 3667
3612 3665
3613 3667
3614 3668
3614 3669
3615 3670
3617 3661
3618 3671
3619 3672
3620 3673
3621 3672
3621 3674
3623 3675
3624 3676
3625 3677
3626 3678
3626 3679
3628 3680
3629 3681
3630 3682
3631 3683
3632 3684
3632 3685
3632 3686
3633 3676
3634 3687
3635 3688
3636 3689
3636 3690
3637 3691
3638 3640
3639 3692
3639 3693
3640 3694
3641 3695
3642 3696
3643 3697
3643 3698
3644 3699
3645 3700
3646 3704
3646 3703
3646 3702
3646 3701
3647 3705
3648 3706
3648 3707
3648 3708
3649 3709
3650 3710
3650 3711
3652 3712
3652 3713
3653 3714
3654 3715
3655 3716
3656 3717
3657 3718
3658 3719
3659 3678
3660 3720
3661 3721
3662 3722
3663 3723
3664 3724
3666 3725
3667 3726
3667 3727
3668 3728
3669 3729
3670 3730
3671 3731
3673 3729
3674 3732
3674 3733
3675 3734
3677 3736
3677 3737
3677 3735
3679 3738
3680 3739
3681 3740
3682 3741
3683 3742
3684 3743
3685 3744
3686 3742
3687 3745
3687 3746
3688 3747
3689 3748
3690 3749
3691 3750
3691 3751
3692 3752
3693 3753
3694 3754
3695 3755
3695 3756
3695 3757
3696 3758
3697 3759
3698 3760
3699 3761
3700 3762
3701 3763
3702 3764
3703 3705
3704 3765
3705 3766
3706 3768
3706 3769
3706 3767
3707 3768
3707 3770
3707 3771
3708 3772
3709 3712
3709 3772
3710 3773
3710 3774
3710 3711
3711 3776
3711 3777
3711 3775
3713 3778
3714 3779
3715 3780
3715 3719
3716 3781
3717 3782
3718 3783
3720 3784
3721 3785
3722 3785
3723 3786
3724 3787
3724 3788
3725 3789
3725 3790
3725 3791
3726 3792
3727 3793
3728 3794
3729 3795
3730 3792
3730 3796
3730 3797
3731 3798
3732 3799
3733 3800
3734 3801
3734 3802
3735 3801
3736 3803
3737 3772
3738 3804
3738 3805
3739 3751
3740 3806
3740 3807
3741 3808
3741 3806
3742 3809
3742 3810
3743 3811
3744 3812
3745 3813
3746 3747
3748 3814
3749 3815
3750 3816
3751 3817
3752 3818
3753 3819
3754 3820
3755 3823
3755 3821
3755 3822
3756 3824
3757 3822
3758 3825
3758 3826
3758 3827
3759 3828
3760 3829
3761 3830
3762 3831
3763 3832
3764 3833
3765 3834
3765 3835
3766 3836
3767 3837
3767 3774
3768 3838
3768 3839
3769 3840
3770 3841
3771 3843
3771 3842
3773 3844
3775 3781
3776 3844
3777 3782
3778 3805
3778 3845
3779 3848
3779 3846
3779 3847
3780 3849
3783 3850
3783 3851
3784 3827
3784 3852
3784 3853
3785 3836
3785 3854
3786 3856
3786 3855
3787 3857
3788 3858
3788 3859
3789 3860
3790 3861
3791 3862
3793 3857
3794 3863
3795 3864
3796 3863
3797 3859
3798 3864
3799 3865
3800 3866
3802 3804
3802 3845
3803 3812
3807 3867
3808 3868
3809 3869
3810 3870
3811 3872
3811 3873
3811 3871
3812 3874
3812 3842
3813 3817
3814 3876
3814 3875
3815 3877
3816 3867
3818 3878
3819 3877
3820 3880
3820 3881
3820 3879
3821 3883
3821 3882
3821 3823
3822 3882
3822 3828
3823 3824
3823 3884
3825 3852
3826 3885
3827 3849
3827 3886
3829 3888
3829 3887
3829 3889
3829 3890
3829 3891
3830 3892
3830 3893
3830 3894
3831 3896
3831 3895
3832 3897
3833 3898
3834 3899
3835 3900
3837 3901
3837 3902
3838 3904
3838 3905
3838 3903
3839 3906
3840 3907
3841 3908
3841 3909
3841 3910
3843 3911
3844 3912
3844 3902
3844 3913
3846 3850
3846 3914
3846 3915
3847 3916
3848 3914
3848 3917
3849 3918
3849 3919
3851 3920
3853 3919
3854 3921
3855 3922
3856 3923
3858 3924
3860 3926
3860 3925
3861 3927
3862 3928
3863 3929
3863 3930
3864 3929
3865 3931
3865 3932
3866 3933
3866 3934
3867 3935
3868 3936
3868 3938
3868 3937
3869 3873
3870 3939
3871 3874
3872 3940
3872 3941
3875 3938
3876 3935
3878 3944
3878 3942
3878 3943
3879 3945
3881 3946
3883 3890
3884 3947
3885 3886
3886 3948
3886 3916
3887 3893
3888 3949
3889 3950
3891 3951
3892 3952
3892 3953
3894 3952
3894 3953
3894 3954
3895 3955
3896 3956
3897 3957
3897 3958
3897 3959
3898 3960
3899 3961
3900 3962
3901 3963
3903 3964
3903 3910
3904 3965
3905 3966
3906 3967
3907 3968
3907 3969
3908 3911
3909 3970
3911 3971
3912 3972
3912 3973
3913 3974
3914 3951
3915 3975
3917 3947
3918 3948
3920 3976
3920 3974
3921 3977
3922 3978
3922 3979
3923 3980
3924 3981
3924 3982
3925 3983
3926 3984
3927 3985
3927 3986
3927 3987
3928 3978
3930 3988
3931 3989
3932 3990
3934 3991
3936 3992
3936 3993
3937 3992
3937 3994
3939 3995
3940 3996
3941 3997
3942 4000
3942 3998
3942 3999
3943 4001
3944 4002
3946 4003
3949 4004
3950 4005
3953 4006
3954 4008
3954 4004
3954 4007
3955 4009
3956 4010
3957 4011
3958 4012
3959 4013
3960 4014
3960 4015
3961 4016
3961 4017
3961 4013
3962 4020
3962 4018
3962 4019
3963 3972
3963 4021
3964 4024
3964 4023
3964 4022
3965 4025
3965 4026
3966 4027
3967 4028
3967 4029
3967 4030
3968 4029
3969 4021
3970 4022
3971 3996
3973 4031
3975 4032
3976 4033
3977 4034
3979 4035
3980 4036
3980 4037
3981 4038
3981 4039
3982 3988
3983 4040
3984 4041
3985 4038
3986 4042
3987 4043
3989 3991
3990 4044
3990 4045
3991 4046
3993 4047
3994 4048
3995 4047
3997 4049
3998 4050
3999 4051
4000 4052
4001 4053
4002 4048
4002 4054
4002 4055
4003 4056
4003 4057
4003 4058
4004 4059
4005 4062
4005 4060
4005 4061
4006 4064
4006 4063
4007 4065
4007 4066
4008 4067
4008 4068
4008 4069
4009 4070
4010 4071
4011 4072
4012 4073
4012 4074
4014 4075
4015 4076
4016 4077
4017 4078
4018 4075
4019 4079
4020 4080
4022 4081
4022 4082
4023 4083
4024 4084
4025 4086
4025 4085
4026 4088
4026 4084
4026 4087
4027 4089
4027 4090
4027 4030
4028 4091
4029 4092
4029 4093
4031 4094
4032 4096
4032 4097
4032 4095
4033 4097
4034 4098
4035 4099
4036 4100
4037 4101
4039 4102
4040 4103
4041 4104
4042 4105
4042 4106
4043 4107
4044 4108
4045 4106
4046 4109
4047 4110
4049 4111
4050 4112
4051 4113
4051 4114
4051 4054
4052 4115
4053 4116
4055 4117
4056 4118
4058 4116
4059 4120
4059 4119
4060 4121
4061 4122
4062 4095
4063 4123
4064 4124
4065 4125
4066 4068
4066 4126
4067 4127
4068 4128
4069 4129
4069 4130
4070 4123
4071 4131
4071 4132
4072 4133
4073 4133
4074 4134
4076 4131
4077 4135
4078 4136
4079 4137
4080 4135
4081 4138
4082 4139
4083 4088
4083 4140
4085 4141
4086 4087
4087 4144
4087 4142
4087 4143
4088 4145
4088 4143
4089 4146
4090 4147
4091 4148
4092 4149
4093 4150
4094 4151
4096 4152
4098 4153
4098 4154
4099 4155
4099 4156
4100 4157
4101 4153
4102 4108
4103 4158
4103 4159
4104 4107
4105 4160
4107 4161
4107 4162
4108 4163
4109 4160
4110 4164
4111 4138
4112 4165
4112 4166
4112 4167
4112 4168
4112 4169
4113 4145
4114 4170
4115 4171
4117 4164
4117 4139
4117 4140
4118 4172
4119 4173
4120 4129
4121 4174
4121 4175
4122 4176
4122 4130
4124 4137
4125 4177
4126 4178
4127 4179
4127 4180
4127 4181
4128 4184
4128 4182
4128 4183
4132 4137
4133 4185
4134 4187
4134 4188
4134 4186
4135 4190
4135 4189
4136 4192
4136 4193
4136 4191
4137 4194
4141 4146
4142 4195
4143 4196
4144 4197
4147 4198
4148 4150
4148 4199
4149 4200
4150 4201
4151 4202
4152 4203
4154 4204
4155 4205
4156 4206
4157 4208
4157 4209
4157 4207
4158 4210
4159 4211
4159 4212
4159 4213
4161 4214
4162 4215
4163 4216
4165 4217
4166 4218
4167 4219
4168 4220
4169 4221
4170 4220
4171 4172
4172 4222
4172 4223
4173 4176
4174 4224
4175 4225
4177 4226
4178 4227
4178 4228
4178 4229
4179 4183
4180 4230
4181 4231
4182 4232
4182 4234
4182 4233
4184 4235
4185 4236
4186 4237
4187 4192
4188 4238
4189 4239
4190 4240
4191 4241
4193 4242
4194 4226
4194 4243
4195 4244
4196 4245
4197 4246
4198 4247
4198 4199
4200 4248
4201 4249
4202 4250
4202 4251
4202 4252
4203 4225
4203 4253
4203 4254
4204 4256
4204 4255
4205 4207
4206 4257
4208 4258
4209 4259
4210 4260
4211 4261
4212 4262
4213 4264
4213 4215
4213 4263
4214 4265
4215 4260
4216 4266
4217 4267
4217 4268
4217 4269
4218 4270
4219 4272
4219 4271
4220 4273
4221 4274
4222 4275
4224 4276
4227 4277
4228 4278
4229 4279
4230 4280
4231 4234
4232 4281
4233 4282
4234 4283
4234 4284
4235 4285
4236 4255
4237 4286
4238 4287
4239 4288
4240 4289
4241 4290
4242 4289
4243 4288
4244 4292
4244 4291
4245 4293
4245 4294
4246 4295
4247 4296
4247 4297
4248 4298
4249 4299
4250 4300
4251 4301
4252 4302
4253 4303
4254 4304
4256 4305
4257 4306
4257 4307
4258 4308
4258 4309
4259 4310
4261 4312
4261 4313
4261 4311
4262 4306
4262 4314
4263 4315
4264 4316
4265 4317
4267 4320
4267 4318
4267 4319
4268 4322
4268 4321
4269 4323
4269 4324
4269 4319
4270 4325
4270 4271
4272 4326
4272 4327
4273 4294
4274 4328
4275 4329
4275 4327
4276 4280
4276 4330
4276 4331
4277 4285
4278 4332
4278 4333
4279 4334
4281 4336
4281 4337
4281 4335
4282 4338
4283 4339
4284 4340
4285 4342
4285 4341
4286 4344
4286 4345
4286 4343
4287 4346
4288 4347
4289 4348
4289 4349
4290 4350
4290 4351
4291 4328
4291 4352
4291 4323
4292 4328
4292 4293
4295 4352
4295 4353
4295 4354
4296 4355
4297 4356
4298 4301
4299 4357
4300 4358
4302 4359
4303 4360
4304 4361
4305 4362
4305 4363
4307 4364
4308 4365
4309 4366
4310 4368
4310 4369
4310 4367
4311 4370
4312 4371
4313 4372
4314 4373
4315 4374
4316 4370
4317 4375
4318 4376
4318 4377
4318 4319
4319 4378
4320 4379
4320 4322
4324 4378
4324 4380
4330 4381
4331 4382
4332 4349
4333 4347
4334 4384
4334 4383
4334 4350
4335 4386
4335 4385
4336 4387
4337 4388
4338 4389
4338 4390
4339 4391
4340 4392
4341 4393
4342 4394
4343 4395
4344 4396
4345 4397
4346 4400
4346 4401
4346 4399
4346 4398
4348 4383
4351 4402
4353 4403
4354 4404
4355 4403
4355 4405
4356 4408
4356 4406
4356 4407
4357 4409
4357 4406
4358 4410
4359 4411
4360 4412
4360 4413
4361 4382
4361 4414
4361 4415
4362 4416
4363 4417
4364 4369
4365 4416
4366 4418
4367 4419
4368 4420
4370 4421
4370 4422
4371 4424
4371 4423
4372 4425
4373 4427
4373 4426
4374 4428
4375 4429
4376 4377
4376 4430
4377 4432
4377 4431
4378 4433
4378 4431
4379 4430
4380 4404
4380 4434
4381 4435
4384 4394
4385 4436
4385 4437
4386 4439
4386 4438
4387 4440
4388 4441
4389 4393
4389 4442
4390 4443
4391 4444
4392 4445
4392 4446
4394 4402
4394 4447
4395 4448
4395 4449
4396 4417
4397 4450
4398 4451
4399 4452
4400 4453
4401 4402
4404 4454
4405 4456
4405 4455
4406 4457
4407 4434
4407 4455
4408 4458
4409 4457
4410 4459
4411 4460
4412 4461
4413 4414
4415 4462
4416 4463
4418 4420
4419 4464
4420 4465
4420 4466
4422 4467
4423 4468
4424 4469
4425 4470
4428 4471
4429 4472
4430 4432
4430 4473
4431 4475
4431 4474
4432 4474
4432 4476
4433 4477
4434 4478
4435 4480
4435 4481
4435 4479
4436 4444
4437 4482
4438 4483
4439 4484
4440 4444
4441 4485
4442 4486
4442 4487
4443 4488
4444 4489
4445 4490
4446 4480
4447 4491
4448 4492
4449 4452
4450 4465
4450 4493
4451 4494
4453 4495
4454 4456
4457 4496
4457 4497
4458 4498
4459 4499
4460 4500
4461 4501
4462 4479
4462 4503
4462 4502
4463 4504
4464 4505
4464 4506
4464 4507
4466 4504
4467 4508
4467 4509
4468 4510
4469 4511
4470 4512
4471 4513
4472 4514
4473 4515
4474 4516
4475 4519
4475 4517
4475 4518
4476 4520
4476 4521
4477 4522
4477 4523
4478 4523
4481 4524
4482 4526
4482 4525
4483 4528
4483 4527
4484 4529
4485 4530
4486 4531
4487 4532
4488 4530
4489 4533
4490 4534
4491 4536
4491 4535
4491 4495
4492 4494
4493 4537
4494 4538
4494 4539
4495 4540
4495 4541
4496 4542
4497 4543
4498 4544
4499 4545
4500 4546
4502 4547
4503 4548
4505 4549
4506 4550
4507 4551
4508 4552
4509 4553
4510 4554
4510 4555
4511 4556
4512 4558
4512 4557
4513 4559
4514 4560
4516 4561
4516 4517
4517 4562
4518 4564
4518 4565
4518 4563
4519 4565
4519 4566
4520 4567
4521 4568
4521 4569
4521 4570
4522 4543
4524 4571
4525 4572
4526 4573
4527 4574
4528 4575
4529 4576
4530 4577
4531 4536
4532 4578
4533 4579
4534 4580
4535 4581
4537 4582
4538 4583
4539 4584
4540 4581
4541 4585
4542 4586
4543 4587
4543 4588
4544 4589
4545 4590
4546 4591
4547 4592
4548 4593
4549 4582
4550 4594
4551 4556
4552 4596
4552 4595
4553 4557
4554 4597
4555 4600
4555 4598
4555 4599
4556 4601
4558 4602
4560 4603
4561 4604
4562 4606
4562 4605
4563 4565
4563 4607
4564 4606
4564 4607
4565 4587
4565 4608
4566 4609
4567 4610
4568 4611
4569 4612
4570 4613
4570 4614
4571 4616
4571 4615
4572 4617
4573 4618
4574 4619
4575 4620
4575 4621
4576 4622
4577 4623
4578 4624
4579 4625
4579 4626
4580 4627
4581 4628
4581 4629
4582 4630
4582 4631
4583 4632
4584 4633
4585 4632
4586 4634
4586 4635
4588 4636
4589 4609
4590 4637
4591 4638
4591 4639
4592 4640
4593 4641
4593 4638
4594 4642
4594 4599
4595 4643
4596 4644
4597 4645
4597 4646
4597 4647
4598 4601
4599 4648
4600 4648
4600 4647
4602 4649
4602 4650
4603 4651
4604 4612
4604 4653
4604 4654
4604 4652
4605 4656
4605 4655
4606 4657
4607 4658
4608 4659
4611 4653
4613 4660
4613 4661
4614 4660
4614 4662
4615 4663
4616 4664
4617 4665
4617 4626
4618 4666
4618 4667
4618 4668
4619 4669
4620 4670
4621 4671
4622 4672
4623 4624
4623 4674
4623 4673
4624 4675
4625 4676
4627 4677
4627 4678
4627 4679
4628 4680
4629 4681
4630 4682
4630 4683
4631 4642
4632 4684
4632 4685
4633 4683
4633 4686
4634 4688
4634 4687
4635 4689
4635 4659
4636 4690
4636 4691
4637 4694
4637 4692
4637 4693
4637 4695
4639 4696
4640 4697
4641 4698
4643 4699
4643 4700
4643 4701
4644 4702
4645 4703
4646 4704
4647 4705
4648 4706
4649 4707
4650 4708
4652 4709
4653 4661
4653 4710
4654 4655
4656 4712
4656 4711
4657 4713
4657 4714
4657 4711
4658 4715
4658 4711
4659 4716
4661 4717
4662 4718
4662 4719
4663 4720
4664 4721
4665 4722
4666 4723
4667 4724
4668 4725
4669 4726
4670 4727
4671 4674
4672 4728
4673 4729
4675 4730
4676 4678
4677 4731
4679 4732
4680 4733
4681 4734
4682 4735
4684 4736
4685 4686
4687 4737
4687 4716
4688 4738
4689 4740
4689 4739
4690 4739
4691 4740
4692 4741
4693 4742
4694 4738
4695 4743
4696 4744
4697 4745
4697 4746
4697 4747
4699 4748
4700 4749
4701 4750
4703 4707
4704 4708
4705 4751
4706 4752
4707 4753
4707 4754
4709 4712
4710 4755
4712 4756
4712 4757
4713 4758
4714 4759
4715 4760
4716 4761
4717 4762
4718 4763
4718 4719
4719 4764
4720 4731
4721 4765
4722 4766
4723 4767
4724 4768
4725 4769
4725 4770
4726 4771
4727 4772
4728 4773
4729 4774
4729 4775
4730 4776
4730 4777
4732 4778
4733 4777
4734 4779
4734 4780
4734 4781
4735 4782
4736 4783
4737 4784
4741 4785
4742 4786
4743 4787
4743 4788
4744 4785
4745 4789
4746 4785
4747 4790
4748 4791
4749 4792
4749 4793
4749 4753
4750 4794
4751 4795
4751 4796
4752 4797
4752 4798
4754 4799
4755 4800
4756 4801
4757 4760
4758 4802
4759 4803
4760 4804
4760 4805
4761 4806
4762 4807
4763 4764
4765 4789
4766 4808
4767 4809
4767 4810
4767 4811
4768 4812
4768 4813
4768 4814
4769 4770
4769 4773
4770 4814
4770 4815
4771 4816
4772 4817
4773 4818
4774 4819
4774 4820
4775 4821
4776 4822
4778 4824
4778 4823
4779 4825
4780 4826
4781 4827
4782 4828
4783 4829
4784 4830
4786 4832
4786 4831
4787 4833
4787 4834
4787 4835
4787 4836
4788 4837
4790 4838
4790 4839
4792 4840
4793 4841
4794 4842
4795 4843
4796 4844
4797 4845
4798 4846
4799 4848
4799 4841
4799 4847
4800 4801
4801 4849
4802 4803
4804 4850
4805 4851
4806 4852
4807 4853
4808 4854
4809 4855
4810 4856
4811 4857
4812 4858
4813 4858
4813 4859
4813 4860
4813 4861
4815 4862
4815 4863
4816 4864
4817 4863
4818 4865
4819 4866
4820 4867
4821 4868
4822 4869
4823 4870
4824 4871
4825 4872
4826 4873
4827 4874
4827 4875
4828 4876
4829 4873
4829 4877
4830 4878
4830 4879
4831 4880
4832 4881
4833 4882
4834 4883
4835 4884
4836 4885
4837 4880
4837 4886
4838 4887
4839 4888
4839 4881
4840 4889
4842 4891
4842 4890
4843 4892
4844 4893
4845 4894
4846 4876
4847 4895
4848 4896
4849 4898
4849 4897
4850 4900
4850 4899
4850 4901
4851 4902
4852 4904
4852 4903
4853 4905
4854 4906
4854 4907
4854 4871
4855 4908
4855 4909
4856 4910
4857 4861
4858 4911
4859 4912
4860 4913
4861 4914
4862 4915
4862 4916
4864 4917
4865 4917
4866 4918
4867 4919
4868 4920
4868 4921
4868 4922
4869 4874
4870 4923
4870 4924
4872 4925
4872 4926
4875 4922
4876 4928
4876 4927
4877 4929
4878 4930
4879 4931
4882 4932
4883 4933
4883 4934
4884 4936
4884 4935
4885 4931
4886 4937
4887 4938
4887 4939
4888 4940
4889 4941
4890 4941
4890 4942
4891 4944
4891 4943
4892 4945
4893 4948
4893 4946
4893 4947
4893 4949
4894 4945
4895 4950
4896 4951
4897 4952
4897 4953
4898 4954
4898 4955
4899 4956
4900 4957
4901 4954
4902 4958
4902 4959
4903 4960
4904 4961
4905 4962
4906 4963
4907 4964
4907 4908
4910 4965
4910 4966
4911 4968
4911 4969
4911 4967
4912 4970
4913 4971
4914 4972
4915 4973
4915 4974
4916 4975
4918 4976
4918 4977
4918 4978
4919 4979
4920 4926
4921 4976
4923 4980
4924 4963
4925 4981
4925 4982
4927 4929
4928 4983
4930 4984
4931 4935
4932 4985
4932 4937
4933 4986
4934 4987
4936 4988
4938 4940
4939 4980
4940 4989
4942 4990
4943 4990
4944 4991
4945 4992
4946 4993
4947 4994
4948 4995
4949 4996
4950 4997
4950 4998
4951 4999
4952 5000
4952 5001
4953 5002
4954 5003
4955 5002
4956 5004
4956 5005
4957 5003
4957 5006
4957 5007
4958 4960
4959 5008
4960 5009
4961 5010
4962 5001
4963 5011
4964 5012
4965 5012
4965 5013
4966 5014
4967 5016
4967 5017
4967 5015
4968 5018
4969 5019
4970 5020
4970 5014
4971 5021
4971 5022
4971 5023
4973 5024
4974 4979
4975 5025
4977 5026
4978 5027
4979 5028
4981 5029
4982 5030
4983 5031
4984 5032
4985 5033
4985 5034
4986 5035
4987 5036
4987 5037
4988 5038
4989 5039
4990 5040
4990 5041
4991 5042
4992 5043
4993 5044
4994 5045
4995 5046
4996 5047
4997 5048
4998 5049
4999 5047
5000 5050
5000 5003
5001 5051
5004 5052
5005 5053
5006 5050
5006 5054
5006 5055
5007 5056
5008 5057
5009 5058
5010 5059
5011 5060
5013 5062
5013 5061
5014 5063
5015 5064
5016 5065
5016 5025
5017 5066
5018 5067
5018 5068
5018 5069
5019 5070
5019 5071
5020 5072
5020 5073
5021 5074
5022 5075
5023 5076
5023 5077
5023 5078
5024 5065
5026 5029
5027 5028
5028 5079
5029 5080
5030 5081
5031 5082
5032 5083
5032 5038
5033 5084
5034 5085
5035 5085
5035 5086
5036 5087
5037 5088
5038 5087
5039 5089
5040 5090
5041 5091
5042 5092
5043 5082
5044 5093
5044 5094
5045 5096
5045 5095
5046 5097
5047 5098
5047 5099
5048 5093
5049 5102
5049 5100
5049 5101
5049 5103
5050 5104
5051 5106
5051 5105
5052 5108
5052 5107
5053 5056
5053 5109
5054 5110
5055 5111
5056 5112
5056 5113
5057 5114
5057 5115
5057 5116
5058 5117
5059 5118
5060 5119
5061 5063
5062 5084
5063 5120
5064 5121
5064 5122
5064 5123
5065 5124
5066 5069
5067 5125
5068 5126
5070 5127
5071 5128
5072 5120
5074 5129
5075 5130
5076 5131
5076 5132
5077 5129
5078 5131
5078 5133
5078 5134
5079 5136
5079 5135
5080 5137
5081 5100
5082 5138
5083 5139
5084 5140
5086 5141
5088 5142
5088 5143
5089 5144
5090 5145
5091 5146
5092 5147
5094 5148
5095 5149
5096 5150
5097 5152
5097 5153
5097 5154
5097 5151
5098 5153
5099 5155
5101 5138
5102 5156
5103 5157
5104 5158
5104 5111
5105 5159
5106 5160
5106 5161
5107 5162
5108 5163
5110 5113
5111 5164
5112 5163
5112 5165
5113 5166
5113 5167
5114 5168
5115 5169
5116 5170
5117 5118
5118 5171
5118 5139
5118 5172
5118 5173
5119 5174
5120 5175
5121 5176
5122 5177
5122 5178
5123 5179
5123 5180
5123 5181
5124 5182
5124 5183
5125 5184
5126 5185
5127 5186
5127 5187
5128 5129
5129 5188
5130 5189
5131 5190
5131 5191
5132 5192
5132 5193
5132 5189
5133 5194
5134 5195
5135 5196
5135 5197
5136 5198
5137 5199
5140 5200
5140 5201
5140 5202
5141 5203
5141 5204
5142 5205
5143 5206
5144 5207
5145 5208
5148 5209
5148 5210
5149 5211
5150 5212
5150 5213
5151 5214
5152 5215
5154 5216
5155 5217
5155 5215
5156 5209
5156 5218
5157 5219
5158 5220
5158 5221
5159 5224
5159 5222
5159 5223
5161 5225
5162 5170
5163 5226
5164 5227
5165 5228
5166 5229
5166 5230
5166 5231
5167 5232
5168 5233
5169 5234
5169 5236
5169 5235
5170 5237
5170 5238
5171 5239
5172 5240
5173 5241
5174 5207
5175 5242
5175 5243
5176 5244
5176 5182
5177 5245
5177 5246
5177 5247
5178 5248
5178 5249
5178 5250
5179 5251
5180 5246
5181 5252
5184 5254
5184 5253
5185 5255
5186 5256
5187 5257
5188 5195
5190 5193
5191 5258
5192 5259
5194 5260
5194 5261
5196 5199
5196 5262
5197 5263
5198 5264
5198 5265
5203 5205
5204 5266
5205 5267
5206 5268
5206 5269
5206 5270
5208 5271
5210 5272
5211 5273
5211 5274
5211 5275
5212 5276
5213 5277
5214 5279
5214 5278
5215 5216
5215 5280
5216 5281
5216 5282
5217 5271
5218 5283
5219 5284
5219 5286
5219 5285
5221 5287
5222 5288
5224 5289
5225 5290
5225 5291
5226 5292
5227 5293
5227 5294
5227 5295
5228 5296
5229 5297
5230 5298
5231 5299
5232 5300
5233 5301
5233 5239
5234 5302
5235 5303
5236 5304
5236 5301
5237 5305
5238 5306
5240 5301
5241 5304
5242 5307
5242 5308
5242 5309
5243 5259
5244 5264
5244 5310
5245 5311
5246 5251
5247 5312
5247 5251
5247 5313
5248 5314
5249 5315
5250 5316
5250 5285
5250 5262
5251 5317
5252 5318
5253 5319
5254 5320
5255 5321
5256 5319
5257 5322
5257 5323
5258 5324
5259 5325
5259 5326
5260 5327
5265 5328
5265 5329
5266 5330
5267 5331
5268 5332
5269 5333
5270 5334
5270 5335
5273 5336
5274 5337
5275 5338
5276 5339
5277 5340
5278 5341
5279 5342
5280 5343
5281 5344
5281 5346
5281 5345
5282 5347
5283 5284
5286 5338
5287 5289
5287 5348
5287 5349
5288 5291
5288 5350
5290 5351
5292 5352
5292 5353
5292 5354
5293 5348
5296 5298
5296 5355
5297 5356
5297 5357
5299 5300
5300 5358
5302 5360
5302 5359
5303 5305
5303 5362
5303 5361
5304 5363
5306 5364
5307 5365
5307 5366
5307 5367
5308 5368
5308 5365
5308 5366
5309 5369
5309 5366
5309 5367
5310 5316
5310 5370
5311 5314
5312 5314
5313 5371
5314 5372
5315 5336
5316 5329
5317 5373
5317 5374
5318 5376
5318 5377
5318 5378
5318 5375
5320 5379
5321 5380
5322 5381
5323 5382
5324 5384
5324 5326
5324 5383
5325 5385
5327 5386
5327 5387
5331 5388
5331 5389
5332 5360
5332 5363
5332 5390
5333 5392
5333 5391
5334 5393
5334 5394
5335 5395
5336 5396
5337 5339
5339 5397
5340 5398
5340 5399
5341 5400
5341 5401
5342 5402
5343 5403
5343 5404
5344 5405
5345 5406
5346 5407
5347 5408
5347 5409
5347 5411
5347 5410
5347 5405
5350 5412
5351 5413
5351 5414
5352 5415
5353 5356
5354 5416
5355 5416
5356 5417
5357 5418
5359 5419
5361 5420
5362 5421
5364 5422
5364 5415
5366 5423
5368 5424
5369 5389
5371 5426
5371 5425
5372 5427
5373 5426
5373 5428
5374 5378
5374 5429
5375 5430
5376 5431
5377 5432
5379 5433
5380 5434
5381 5435
5382 5387
5383 5436
5384 5437
5385 5424
5386 5438
5387 5439
5388 5440
5388 5423
5390 5441
5391 5442
5391 5443
5392 5444
5393 5445
5394 5443
5395 5446
5396 5447
5397 5448
5398 5401
5399 5449
5400 5450
5402 5407
5403 5451
5403 5452
5404 5453
5405 5454
5406 5455
5407 5456
5407 5457
5408 5458
5409 5451
5410 5459
5411 5460
5412 5461
5413 5462
5414 5463
5417 5464
5418 5465
5419 5466
5419 5467
5419 5420
5421 5422
5422 5468
5424 5469
5424 5470
5425 5472
5425 5471
5427 5473
5428 5429
5428 5471
5429 5474
5430 5475
5431 5476
5432 5477
5433 5478
5434 5480
5434 5476
5434 5479
5435 5478
5436 5481
5437 5438
5438 5482
5439 5483
5440 5446
5441 5484
5441 5444
5442 5485
5443 5486
5444 5487
5445 5488
5446 5489
5447 5473
5448 5490
5449 5491
5449 5492
5452 5493
5452 5494
5453 5495
5454 5496
5455 5496
5455 5497
5456 5498
5457 5499
5459 5500
5460 5501
5462 5502
5463 5503
5464 5466
5464 5465
5465 5504
5466 5468
5467 5504
5467 5484
5469 5481
5470 5505
5472 5506
5473 5507
5474 5506
5475 5508
5477 5509
5478 5510
5478 5511
5479 5512
5480 5513
5481 5514
5481 5515
5482 5516
5483 5517
5485 5518
5486 5519
5487 5520
5488 5521
5488 5522
5489 5505
5490 5492
5491 5523
5493 5524
5494 5525
5495 5526
5497 5527
5498 5528
5499 5529
5500 5530
5501 5532
5501 5531
5504 5520
5505 5533
5506 5534
5507 5536
5507 5535
5508 5537
5509 5538
5510 5539
5511 5540
5512 5541
5513 5540
5514 5542
5514 5543
5515 5544
5516 5544
5516 5545
5517 5546
5518 5547
5518 5548
5519 5549
5520 5550
5521 5552
5521 5551
5522 5553
5523 5554
5524 5555
5525 5556
5526 5557
5527 5558
5528 5560
5528 5559
5529 5563
5529 5554
5529 5561
5529 5562
5529 5564
5530 5565
5531 5566
5532 5567
5533 5568
5534 5569
5535 5570
5536 5562
5536 5571
5537 5572
5538 5573
5539 5574
5541 5575
5542 5576
5543 5568
5543 5553
5545 5577
5545 5578
5546 5579
5547 5580
5547 5581
5548 5582
5549 5583
5550 5584
5550 5585
5551 5586
5551 5587
5551 5588
5552 5589
5552 5590
5556 5591
5557 5592
5558 5593
5559 5594
5560 5595
5561 5596
5563 5597
5564 5571
5565 5598
5566 5599
5569 5600
5570 5601
5570 5602
5572 5603
5572 5604
5572 5573
5572 5605
5574 5606
5575 5607
5576 5589
5577 5608
5578 5590
5579 5609
5580 5610
5581 5611
5582 5612
5583 5588
5584 5611
5586 5613
5586 5614
5587 5615
5587 5588
5588 5616
5588 5617
5591 5618
5592 5619
5593 5620
5594 5621
5595 5622
5596 5622
5597 5623
5599 5624
5600 5625
5601 5626
5602 5627
5603 5628
5603 5629
5604 5630
5605 5631
5606 5632
5607 5631
5608 5633
5609 5635
5609 5634
5609 5636
5609 5637
5610 5638
5610 5639
5612 5617
5613 5640
5614 5641
5615 5642
5616 5643
5618 5644
5619 5645
5620 5621
5620 5646
5622 5647
5623 5648
5624 5649
5625 5650
5626 5648
5627 5651
5629 5652
5630 5653
5631 5655
5631 5654
5632 5656
5633 5657
5634 5658
5635 5659
5635 5660
5636 5640
5636 5661
5637 5660
5638 5662
5643 5662
5644 5645
5646 5663
5647 5664
5648 5665
5648 5666
5649 5667
5650 5668
5651 5669
5652 5670
5652 5671
5653 5672
5654 5673
5655 5674
5656 5673
5656 5675
5656 5676
5657 5661
5658 5677
5658 5678
5659 5679
5660 5678
5663 5680
5664 5681
5664 5682
5665 5683
5666 5684
5667 5685
5668 5686
5669 5687
5670 5688
5671 5689
5672 5690
5674 5691
5674 5692
5675 5692
5676 5693
5677 5694
5679 5693
5679 5695
5680 5696
5680 5697
5680 5698
5681 5699
5682 5700
5683 5699
5684 5701
5685 5702
5686 5703
5687 5703
5688 5704
5689 5705
5689 5706
5690 5707
5691 5708
5691 5706
5692 5709
5692 5710
5694 5712
5694 5711
5695 5713
5696 5714
5697 5715
5698 5716
5699 5717
5700 5718
5701 5703
5702 5719
5703 5720
5703 5721
5704 5722
5704 5723
5704 5724
5705 5725
5707 5726
5708 5727
5710 5728
5711 5729
5711 5730
5712 5731
5712 5732
5713 5733
5713 5734
5714 5737
5714 5736
5714 5735
5715 5738
5716 5719
5717 5740
5717 5739
5717 5741
5718 5742
5719 5744
5719 5743
5720 5745
5721 5739
5722 5746
5723 5747
5724 5748
5725 5749
5726 5750
5726 5751
5727 5752
5728 5753
5728 5733
5729 5732
5730 5754
5730 5755
5732 5756
5733 5757
5733 5758
5735 5759
5736 5760
5737 5761
5738 5741
5740 5762
5741 5763
5741 5764
5742 5763
5743 5765
5744 5766
5745 5767
5746 5768
5747 5769
5748 5770
5748 5771
5749 5772
5749 5774
5749 5773
5750 5771
5751 5775
5752 5776
5752 5777
5754 5779
5754 5778
5755 5780
5757 5781
5758 5782
5759 5784
5759 5783
5760 5785
5760 5786
5761 5787
5761 5788
5762 5789
5764 5790
5766 5791
5767 5792
5768 5793
5769 5794
5769 5796
5769 5795
5770 5797
5772 5794
5773 5798
5774 5799
5775 5800
5776 5801
5777 5802
5778 5803
5779 5804
5781 5806
5781 5805
5782 5803
5782 5807
5783 5790
5784 5808
5785 5809
5785 5810
5786 5808
5787 5811
5788 5791
5789 5812
5789 5790
5790 5813
5791 5814
5792 5815
5793 5816
5795 5817
5796 5818
5796 5819
5797 5820
5798 5802
5799 5821
5799 5822
5800 5824
5800 5825
5800 5823
5801 5826
5802 5827
5803 5828
5804 5829
5804 5830
5805 5831
5806 5832
5806 5807
5808 5833
5809 5834
5810 5835
5811 5836
5812 5837
5813 5838
5814 5839
5815 5840
5815 5841
5816 5842
5817 5843
5818 5844
5819 5845
5821 5827
5822 5846
5823 5842
5824 5847
5825 5848
5826 5850
5826 5849
5828 5851
5830 5852
5830 5853
5831 5854
5831 5855
5832 5856
5833 5857
5834 5858
5834 5859
5835 5860
5836 5861
5836 5862
5837 5863
5838 5864
5838 5865
5839 5866
5840 5867
5840 5868
5841 5848
5842 5869
5842 5870
5843 5846
5844 5871
5845 5872
5845 5873
5846 5874
5849 5875
5850 5854
5851 5853
5853 5856
5855 5876
5856 5877
5857 5860
5858 5878
5859 5879
5860 5880
5861 5881
5862 5882
5863 5883
5864 5884
5864 5885
5865 5886
5866 5888
5866 5887
5867 5883
5868 5889
5869 5890
5870 5891
5870 5892
5871 5893
5873 5894
5874 5896
5874 5895
5875 5897
5876 5898
5878 5899
5879 5900
5880 5899
5881 5901
5882 5902
5884 5903
5885 5904
5886 5906
5886 5905
5888 5907
5889 5908
5890 5909
5891 5910
5892 5911
5893 5910
5894 5912
5894 5913
5895 5914
5896 5915
5897 5916
5898 5917
5898 5918
5899 5919
5900 5920
5900 5902
5901 5921
5903 5922
5904 5923
5905 5924
5906 5925
5907 5926
5907 5927
5908 5928
5909 5928
5911 5929
5912 5930
5913 5931
5913 5932
5914 5933
5914 5917
5915 5934
5919 5922
5920 5936
5920 5937
5920 5935
5921 5938
5921 5939
5921 5940
5922 5941
5923 5942
5923 5943
5924 5944
5925 5928
5927 5945
5928 5946
5929 5947
5930 5934
5931 5948
5935 5949
5937 5950
5938 5952
5938 5951
5939 5953
5940 5945
5941 5955
5941 5954
5942 5956
5943 5957
5944 5957
5944 5958
5946 5959
5947 5960
5949 5961
5951 5962
5953 5963
5954 5964
5956 5965
5958 5966
5959 5960
5960 5967
5961 5968
5962 5969
5962 5970
5962 5971
5964 5972
5965 5973
5965 5974
5966 5967
5967 5975
5968 5976
5969 5977
5970 5978
5971 5979
5972 5980
5972 5981
5973 5982
5974 5983
5975 5984
5976 5985
5979 5986
5980 5987
5982 5988
5983 5987
5983 5989
5984 5990
5985 5986
5986 5991
5988 5992
5988 5989
5990 5992
