145.391998291 -6.08168983459
145.789001465 -5.20707988739
144.296005249 -5.82678985596
146.725977 -6.569803
147.220001221 -9.44338035583
143.669006348 -3.58383011818
147.423996 -2.06189
141.3028 -2.6926
143.238006592 -6.36332988739
142.947998047 -5.84499979019
141.225997925 -5.27861022949
143.207992554 -9.08675956726
148.309005737 -8.80453968048
150.404998779 -5.46217012405
152.380004883 -4.34045982361
115.166999817 -8.74816989899
140.386001587 35.7647018433
154.67300415 -5.42231988907
144.970993042 -6.02429008484
150.333999634 -10.3114995956
141.281997681 -6.12571001053
150.807998657 -2.57940006256
143.656998 -6.14774
103.994003 1.35019
153.117004395 -27.3841991425
145.755004883 -16.885799408
113.915000916 22.3089008331
123.978996277 10.3074998856
121.019997 14.5086
143.895004272 -5.64330005646
151.177001953 -33.9460983276
160.054992676 -9.42800045013
177.442993164 -17.755399704
118.68699646 -8.53964996338
120.302001953 -9.6692199707
112.787002563 -7.37982988358
126.450996399 37.4691009521
119.554000854 -5.06162977219
136.886993408 -4.52827978134
121.233002 25.0777
116.051002502 5.93721008301
106.65599823 -6.1255698204
104.699996948 -2.898250103
135.244003296 34.4272994995
101.709999084 2.74557995796
125.526000977 -8.54640007019
130.876998901 -12.4146995544
139.779999 35.552299
144.843002319 -37.6733016968
138.531005859 -34.9449996948
115.967002869 -31.9402999878
113.299003601 23.3924007416
118.625999451 -20.3777999878
113.810997009 22.6392993927
119.244003296 -9.40972042084
100.607002258 13.9125995636
100.747001648 13.6810998917
112.714996338 -7.92655992508
107.575996399 -6.90062999725
110.431999207 -7.78817987442
110.375 -6.97273
104.119003296 1.12102997303
116.276675 -8.757322
122.236999512 -8.64064979553
123.67099762 -10.1716003418
119.888999939 -8.48666000366
116.893997192 -1.26827001572
121.805000305 31.1434001923
145.729003906 15.1190004349
144.796005249 13.4834003448
96.1332015991 16.9073009491
134.544006348 7.36765003204
120.349998474 22.5771007538
141.692001343 42.7751998901
123.483001709 41.6398010254
130.451004028 33.585899353
130.718994141 31.8034000397
131.736999512 33.4794006348
136.406997681 36.3945999146
132.919006348 34.4361000061
133.235992432 35.4921989441
132.699996948 33.8272018433
135.43800354 34.7854995728
134.01600647 34.2141990662
153.505004883 -28.1644001007
140.917007446 38.1397018433
126.492996216 33.5112991333
128.93800354 35.1795005798
127.646003723 26.1958007812
116.584999084 40.0801010132
-123.183998108 49.193901062
106.766998291 47.8431015015
118.127998352 24.5440006256
120.433998108 30.2294998169
8.5705556 50.0333333
118.861999512 31.7420005798
120.374000549 36.2661018372
103.946998596 30.5785007477
-79.6305999756 43.6772003174
121.539001465 38.9656982422
-71.00520325 42.36429977
2.54999995232 49.0127983093
125.684997559 43.9962005615
139.121002197 37.9558982849
-122.375 37.6189994812
-118.4079971 33.94250107
-114.019996643 51.113899231
-74.1687011719 40.6925010681
8.72811 45.6306
12.3519 45.505299
12.2388889 41.8002778
-95.3414001465 29.9843997955
6.7667798996 51.2895011902
-122.308998108 47.4490013123
16.5697002411 48.1102981567
24.963300705 60.317199707
-83.3534011841 42.2123985291
8.54916954041 47.4646987915
-97.0380020142 32.8968009949
28.8145999908 40.9768981934
-0.461941 51.4706
-84.4281005859 33.6366996765
-77.45580292 38.94449997
-122.5979996 45.58869934
4.76388978958 52.3086013794
-157.92199707 21.3187007904
-117.190002441 32.7336006165
12.6560001373 55.6179008484
-121.929000854 37.3625984192
-104.672996521 39.8616981506
-73.77890015 40.63980103
-87.90480042 41.97859955
-93.2218017578 44.8819999695
135.18800354 48.5279998779
142.718002319 46.8886985779
132.147994995 43.3989982605
69.2811965942 41.257900238
37.4146 55.972599
136.804992676 34.8583984375
72.8678970337 19.0886993408
166.212997437 -22.0146007538
174.792007446 -37.0080986023
79.8841018677 7.18075990677
-116.970001221 32.5410995483
77.1031036377 28.5664997101
37.9062995911 55.4087982178
113.592002869 22.1495990753
54.6511001587 24.4330005646
-149.606994629 -17.5536994934
55.3643989563 25.2527999878
105.806999207 21.221200943
106.652000427 10.8187999725
152.837997437 -10.6892004013
120.559997559 15.1859998703
110.347000122 1.48469996452
113.986999512 4.32201004028
114.928001404 4.94420003891
101.444999695 0.460786014795
122.375999451 11.679400444
102.292999268 6.16685009003
103.208999634 3.77538990974
101.092002869 4.56796979904
2.0784599781 41.2971000671
103.102996826 5.38263988495
100.277000427 5.29714012146
108.17199707 22.6082992554
122.493358 10.833017
117.346000671 39.1244010925
113.220001221 28.1891994476
124.926002502 1.54926002026
114.208000183 30.7838001251
116.5033 23.552
102.9291667 25.1019444
119.663002014 25.9351005554
121.461997986 29.8267002106
106.641998291 29.7192001343
106.801002502 26.5384998322
101.549003601 3.13057994843
39.156502 21.6796
110.458999634 19.9349002838
11.7861003876 48.3538017273
120.429000854 31.4944000244
99.7286987305 6.32973003387
28.246 -26.1392
110.757003784 -7.51608991623
98.962600708 18.7667999268
72.6346969604 23.0771999359
172.531997681 -43.4893989563
104.84400177 11.5466003418
103.81300354 13.4106998444
88.4467010498 22.6546993256
83.2245025635 17.721200943
103.007003784 5.7652797699
90.397783 23.843347
46.6987991333 24.9575996399
100.246002197 26.6800003052
102.56300354 17.9883003235
85.3591003418 27.6965999603
77.706299 13.1979
77.0434036255 11.029999733
76.4019012451 10.1520004272
80.1692962646 12.9900054932
78.7097015381 10.7653999329
76.9200973511 8.48211956024
73.5290985107 4.19183015823
98.9861984253 8.09912014008
100.06199646 9.54778957367
98.3169021606 8.11320018768
100.392997742 6.93320989609
108.198997498 16.0438995361
125.646003723 7.12552022934
151.916000366 -27.5428009033
151.223007 -23.869699
148.07699585 -22.057800293
159.07699585 -31.5382995605
144.279998779 -23.4342002869
168.320007324 -17.699300766
152.863006592 -31.4358005524
148.774993896 -26.5450000763
166.919006 -0.547458
148.179000854 -23.5674991608
174.804992676 -41.3272018433
133.901992798 -23.8066997528
167.220001221 -15.5050001144
149.179992676 -21.1716995239
148.552001953 -20.4950008392
150.475006104 -23.3819007874
146.76499939 -19.2525005341
145.429000854 -24.4277992249
152.319000244 -24.9039001465
147.509994507 -42.836101532
147.214004517 -41.54529953
116.773002625 -20.7122001648
149.195007324 -35.3069000244
167.938995361 -29.0415992737
152.880004883 -25.3188991547
122.232002258 -17.9447002411
151.833999634 -32.7949981689
145.307006836 -23.5652999878
146.261993408 -26.4132995605
148.95199585 -20.3581008911
140.503997803 -20.6686000824
139.488998413 -20.6639003754
136.460006714 -13.9750003815
142.289993286 -10.586400032
141.75100708 -15.4856004715
143.304993 -12.7869
141.069664 -17.68409
136.817993164 -12.2693996429
141.60908 -14.896451
130.975998 -25.1861
141.925003052 -12.6786003113
142.459 -10.9508
141.72065 -13.354067
143.113311 -13.761133
120.621002197 24.2646999359
120.206001282 22.9503993988
117.216003418 36.8572006226
117.555278 34.059056
112.627998352 37.7468986511
110.039001465 25.2180995941
113.841003418 34.5196990967
108.751998901 34.447101593
115.900001526 28.8649997711
117.297996521 31.7800006866
121.335998535 31.1979007721
121.372001648 37.4016990662
116.133003235 24.3500003815
110.358002 21.214399
111.479988 30.55655
34.8866996765 32.0113983154
118.873611 34.571667
118.000999 27.7019
120.851997375 27.9122009277
120.203056 33.425833
118.589996 24.7964
77.0404968262 43.3521003723
57.6836013794 -20.4302005768
38.7993011475 8.97789001465
109.412002563 18.3029003143
82.6507034302 55.0125999451
106.009003 38.481899
126.013999939 9.8591003418
120.099998474 12.1215000153
125.4788 8.9515
123.341875076 8.60198349877
123.842002869 8.17850971222
124.611 8.41562
123.461179733 7.83073144787
125.096000671 6.05800008774
122.059997559 6.92242002487
125.027999878 11.2276000977
123.014999 10.7764
123.300003052 9.3337097168
121.954002 11.9245
118.759002686 9.74211978912
123.735 13.1575
124.707000732 9.2535200119
125.480947495 9.75583832563
123.628997803 12.3694000244
122.751998901 11.597700119
121.752998352 16.9298992157
123.269996643 13.5848999023
123.852996826 9.66407966614
124.636001587 12.5024003983
50.6335983276 26.2707996368
49.7979011536 26.471200943
124.209999084 7.16523981094
121.04699707 12.3614997864
55.161389 24.896356
120.531997681 18.1781005859
121.980003357 20.4512996674
121.733150482 17.6433676823
124.206001282 13.5763998032
124.544998169 12.0726995468
-175.149993896 -21.2411994934
152.514007568 -31.8885993958
146.067001343 -34.2508010864
153.259994507 -28.8302993774
149.901000977 -36.9085998535
142.085998535 -34.2291984558
149.845001221 -29.4988994598
150.143997192 -35.8978004456
146.511993408 -34.7022018433
144.468994141 -38.0393981934
149.651992798 -33.4094009399
168.738998413 -45.0210990906
153.091003418 -26.6033000946
146.957992554 -36.0677986145
-70.7857971191 -33.3930015564
141.472000122 -32.0013999939
148.238998413 -33.131401062
153.115997314 -30.3206005096
148.574996948 -32.2167015076
150.847000122 -31.0839004517
147.466003418 -35.1652984619
153.56199646 -28.8339004517
151.617004395 -30.5280990601
149.132995605 -33.3816986084
-159.805999756 -21.2026996613
178.559005737 -18.0433006287
165.794998169 -10.7202997208
157.263000488 -8.32796955109
156.863998413 -8.09778022766
160.06300354 -11.5339002609
160.824996948 -9.86166954041
158.731002808 -7.58555984497
157.585 -7.3305
157.643005371 -8.16806030273
157.87600708 -8.5788898468
156.396111 -6.711944
162.454108 -10.847994
161.979546547 -9.86054358262
161.011002 -8.87333
159.576996 -8.1075
161.897994995 -10.4497003555
173.147003174 1.38163995743
-176.199005127 -13.2383003235
-172.007995605 -13.8299999237
-157.350006104 1.9861600399
178.156997681 -19.0580997467
179.339996338 -16.4666996002
-179.876998901 -16.6905994415
177.070999146 -12.4825000763
179.341003418 -16.8027992249
119.910003662 -0.918542027473
128.089004517 -3.7102599144
103.669998169 1.64130997658
114.763000488 -3.44235992432
111.672996521 -2.70519995689
113.943000793 -2.22513008118
117.569444 3.326667
131.279006958 33.9300003052
131.449005127 31.877199173
130.854995728 32.8372993469
129.914001465 32.9169006348
137.18800354 36.6483001709
133.854995728 34.7569007874
-3.56264 40.471926
140.218994141 39.6156005859
128.658996582 35.8941001892
129.569000244 44.5241012573
14.26 50.1008
118.255996704 29.7332992554
126.25 45.6234016418
129.451004028 42.8828010559
140.690994263 40.7346992493
-115.1520004 36.08010101
30.2625007629 59.8003005981
130.302001953 33.1497001648
36.9277992249 -1.31923997402
136.108001709 -1.19001996517
140.51600647 -2.57695007324
122.849998474 0.63711899519
120.657997131 -1.41674995422
127.380996704 0.831413984299
122.772003174 -1.0389200449
134.048995972 -0.891833007336
131.287 -0.894
122.569000244 -5.48687982559
122.417999268 -4.08161020279
140.822006226 41.7700004578
142.447006226 43.6707992554
124.18699646 24.344499588
103.620002747 36.5152015686
87.4741973877 43.9071006775
111.823997498 40.851398468
114.696998596 38.2807006836
110.443001 29.1028
144.192993164 43.0410003662
113.019996643 3.12385010719
111.98500061 2.26160001755
118.323997498 5.03224992752
115.25 5.30068016052
118.127998352 4.32015991211
116.835998535 6.92250013351
114.805000305 4.04832983017
115.407997131 4.84917020798
118.058998108 5.90089988708
31.4055995941 30.1219005585
100.351997375 -0.874988973141
109.403999329 -0.150710999966
103.643997192 -1.6380200386
102.338997 -3.8637
95.4206371307 5.52287202401
105.175556 -5.240556
107.754997253 -2.74571990967
106.138999939 -2.16219997406
104.531997681 0.922683000565
126.791000366 37.5583000183
100.398002625 6.18967008591
125.669998 39.224098
51.1521987915 35.4160995483
67.160797 24.9065
99.135597229 9.13259983063
91.8133010864 22.2495994568
47.9688987732 29.226600647
58.2844009399 23.5932998657
74.4036026001 31.5216007233
71.5146026611 33.9939002991
128.707992554 -15.7781000137
134.23399353 -12.0560998917
136.083999634 -16.4424991608
136.962005615 37.2930984497
135.223999023 34.6328010559
121.552001953 25.0694007874
135.363998413 33.6622009277
143.216995239 42.7332992554
144.164001465 43.8805999756
144.960006714 43.5774993896
141.800994873 45.4042015076
143.404006958 44.3039016724
131.035003662 33.8459014893
129.712997437 28.4305992126
132.88999939 35.4136009216
133.669006348 33.5461006165
134.167007446 35.5301017761
134.606994629 34.1328010559
140.371002197 38.4118995667
141.367996216 40.7032012939
139.785995483 33.1150016785
139.36000061 34.7820014954
125.294998169 24.7828006744
131.789993286 34.676399231
140.371002197 40.1918983459
139.787002563 38.8121986389
146.429992676 -41.1697006226
143.878005981 -39.8774986267
140.785003662 -37.7456016541
145.731002808 -40.9989013672
121.461997986 -30.7894001007
136.876998901 -30.4850006104
137.716995239 -32.5069007874
135.880004883 -34.6053009033
137.514007568 -33.0588989258
137.520996094 -35.7139015198
134.720993042 -29.0400009155
133.710006714 -32.1305999756
121.822998 -33.684399
114.707001 -28.796101
115.401596069 -33.6884231567
119.803001404 -23.4178009033
117.808998108 -34.9432983398
123.82800293 -17.5813999176
117.745002747 -23.1711006165
114.088996887 -22.2355995178
105.690002441 -10.4505996704
120.208000183 -33.7971992493
104.545 28.8005555556
105.472097 27.267066
112.388000488 34.7411003113
107.0007 27.5895
105.873333333 26.2605555556
119.778999 31.919701
103.682222222 32.8533333333
116.388000488 39.7827987671
113.125999 36.247501
109.997001648 40.5600013733
109.293999 21.5394
111.63999939 28.9188995361
109.390999 24.2075
112.614998 32.980801
112.291 32.1506
99.6772 27.7936
98.5317 24.4011
114.778889 25.853333
117.176002502 29.3386001587
115.801111 29.476944
121.429000854 28.5622005463
118.412002563 35.0461006165
119.119003 36.646702
120.031997681 29.3446998596
107.4295 31.1302
105.702003479 32.3911018372
105.392997742 28.8521995544
104.740997314 31.4281005859
106.1626 30.79545
108.433 30.8017
117.050003 30.582199
111.031388889 35.116391
119.7198 32.5634
116.346667 35.292778
109.308889 27.883333
115.734364 32.882157
104.959444444 25.0863888889
109.1499 26.32217
109.7 27.4411111111
114.425555556 36.5258333333
122.361999512 29.9342002869
111.610043 26.338661
118.899002 28.965799
114.3062 27.8025
99.9447021484 8.53962039948
104.642997742 17.3838005066
104.870002747 15.2512998581
102.783996582 16.4666004181
100.782997131 18.8078994751
103.774002075 16.1168003082
103.252998352 15.2294998169
99.8828964233 19.952299118
98.5450973511 16.6998996735
99.3617019653 10.7111997604
100.165000916 18.1322002411
100.278999329 16.7828998566
101.742996216 6.51991987228
98.5855026245 9.77762031555
99.6166000366 7.50873994827
102.788002014 17.3864002228
104.119003296 17.1951007843
101.722000122 17.4391002655
95.977897644 21.7021999359
102.319000244 12.274600029
91.585899353 26.1061000824
92.4933013916 56.1729011536
4.48443984985 50.9014015198
11.100399971 60.193901062
96.2009963989 19.623500824
104.388999939 52.2680015564
30.8946990967 50.3450012207
17.9186000824 59.6519012451
60.8027000427 56.7430992126
99.8181991577 17.2380008698
47.4788017273 -18.7968997955
88.3285980225 26.6812000275
102.161003113 19.8973007202
104.760002136 16.5566005707
35.9931983948 31.7226009369
99.5042037964 18.2709007263
73.0991973877 33.6166992188
108.388000488 3.9087100029
121.661003113 -8.8492898941
117.431999207 2.15549993515
140.414993286 36.181098938
113.375999 22.006399
113.482002 40.060299
122.199997 43.556702
102.042999 36.5275
122.853996 41.105301
130.464996338 46.8433990479
121.06199646 41.101398468
123.917999268 47.2396011353
119.731003 39.968102
93.6691970825 42.8414001465
126.382814 34.991406
128.669006348 38.0612983704
145.242996216 14.1743001938
151.843002319 7.46187019348
138.082993 9.49891
97.3518981934 25.383600235
92.8725967407 20.1326999664
94.3001022339 18.4606990814
99.9354019165 20.4838008881
98.2035980225 14.1038999557
94.9301986694 21.1788005829
96.7919998169 20.7469997406
99.6360015869 21.3015995026
93.5347976685 19.426399231
118.35900116 24.4279003143
119.627998352 23.5687007904
121.617996216 24.0230998993
137.92300415 36.1668014526
141.134994507 39.4286003113
140.430999756 37.2274017334
118.907997131 42.2350006104
122.008333 46.195333
127.499000549 36.7165985107
109.861388889 39.49
131.193 45.293
129.330993652 34.2849006653
128.832992554 32.6663017273
126.808998108 35.1263999939
127.616996765 34.842300415
129.352005005 35.59349823
129.419998169 35.9878997803
126.615997314 35.9038009644
127.959999084 37.4380989075
128.070007324 35.0885009766
126.713996887 26.3635005951
112.096667 43.4225
13.2876996994 52.5597000122
119.824996948 49.2050018311
3.21540999413 36.6910018921
115.963996887 43.915599823
109.554001 36.636902
109.590927 38.35971
6.10895013809 46.2380981445
-0.190277993679 51.1481018066
120.434998 41.538101
106.7993 39.7934
20.9671001434 52.1656990051
71.4669036865 51.0222015381
50.0466995239 40.4674987793
129.770996094 62.0932998657
107.43800354 51.807800293
37.2615013123 55.5914993286
13.2312002182 -8.85836982727
105.154454 37.573125
107.7428 40.926
90.9119033813 29.2978000641
-127.366996765 50.6805992126
-132.125 54.0275001526
-120.739997864 56.2380981445
-117.632003784 49.2963981628
-156.429992676 20.8985996246
-125.271003723 49.9508018494
-126.596001 52.387501
-112.012001038 33.434299469
-113.580001831 53.3097000122
-2.27495002747 53.3536987305
-127.182998657 54.8246994019
-156.046005249 19.7388000488
-120.444000244 50.7022018433
-124.5 49.8342018127
-120.182998657 55.7422981262
-119.377998352 49.9561004639
-111.977996826 40.7883987427
-123.869862556 49.0549702249
-130.445007324 54.2860984802
-122.679000854 53.8894004822
-105.253997803 20.6800994873
-109.721000671 23.1518001556
-124.887001038 49.7108001709
-104.666000366 50.4319000244
-111.222000122 56.653301239
-122.510002136 53.0261001587
-86.8770980835 21.0365009308
-116.507003784 33.82970047
-99.072098 19.4363
-159.339004517 21.9759998322
-73.7407989502 45.4706001282
-97.2398986816 49.9099998474
-117.8679962 33.67570114
-122.054000854 52.1831016541
-115.781997681 49.6108016968
-106.699996948 52.1707992554
-117.60900116 49.0555992126
-128.576009 54.468498
-135.067001343 60.7095985413
-75.6691970825 45.3224983215
-119.601997375 49.4631004333
-123.426002502 48.646900177
-131.813995361 53.2542991638
100.098999023 49.6632995605
100.70400238 46.1632995605
91.6281967163 47.9541015625
91.938273 50.066588
114.646003723 48.1357002258
74.4776000977 43.0612983704
89.9225006104 48.9933013916
100.760002136 21.9738998413
94.8091964722 40.1610984802
17.4709 -22.4799
33.7994003296 27.1783008575
-22.6056003571 63.9850006104
39.5942001343 -4.03483009338
19.7206001282 41.4146995544
23.4114360809 42.6966934204
33.6249008179 34.8750991821
18.2681999207 42.5614013672
13.9222002029 44.8935012817
16.2980003357 43.538898468
16.0687999725 45.7429008484
15.3466997147 44.1082992554
-0.558156013489 38.2821998596
-2.91060996056 43.3011016846
-80.9430999756 35.2140007019
1.37311995029 38.8728981018
-6.06011009216 36.7445983887
-4.49911022186 36.6749000549
4.2186498642 39.8625984192
-0.481624990702 39.4892997742
1.36382 43.629101
43.7840003967 56.2300987244
9.48373031616 42.5527000427
5.0811111 45.7255556
-38.3224983215 -12.9086112976
5.22142410278 43.439271922
7.21586990356 43.6584014893
3.96301007271 43.5761985779
7.5291667 47.59
9.98822975159 53.6304016113
27.0916996002 36.7933006287
19.911699295 39.6018981934
28.0862007141 36.4053993225
21.4256 38.1511
24.1497001648 35.5317001343
-43.2505569458 -22.8099994659
-46.4730567932 -23.4355564117
-0.166786000133 5.60518980026
19.2555999756 47.4369010925
7.26316976547 9.00679016113
15.0664 37.466801
9.22196006775 48.6898994446
13.091 38.175999
3.32116007805 6.57737016678
9.51763 40.898701
7.64963 45.200802
10.2271995544 36.8510017395
9.27674 45.445099
10.7755002975 33.875
11.2887 44.5354
10.8885 45.395699
14.2908 40.886002
7.68483018875 52.134601593
11.2051 43.810001
14.4576 46.223701
11.0780556 49.498699
12.2363889 51.4238889
-80.2906036377 25.7931995392
9.68507957458 52.461101532
8.78666973114 53.0475006104
14.4775 35.857498
15.4395999908 46.9911003113
11.344 47.260201
14.1875 48.2332
13.0043001175 47.7933006287
9.51148986816 47.6712989807
-7.96590995789 37.0144004822
8.34047031403 54.9132003784
24.8327999115 59.4132995605
-25.6979007721 37.7411994934
-8.68138980865 41.2481002808
-9.13591957092 38.7812995911
-74.1469 4.70159
26.085 44.5711111
32.995098114 40.1281013489
30.800501 36.898701
-2.71909 51.382702
-2.60196995735 49.4350013733
27.156999588 38.2924003601
28.7924995422 36.7131004333
28.9309997559 46.9277000427
20.3090991974 44.8184013367
19.2518997192 42.3594017029
21.035801 42.5728
-2.19777989388 57.2019004822
14.152299881 53.8787002563
-3.37249994278 55.9500007629
-68.3634033203 18.5673999786
-70.5699996948 19.757900238
-69.6688995361 18.4297008514
25.1802997589 35.3396987915
-77.9133987427 18.5037002563
-6.27007007599 53.4212989807
-63.5085983276 44.8807983398
9.15178012848 55.7402992249
16.8262996674 52.4210014343
-75.2410964966 39.8718986511
6.2044444 49.6233333
-66.9905853271 10.6031169891
5.218140125 60.29339981
-3.0282099247 34.9888000488
-34.9235992432 -8.12648963928
-66.0018005371 18.4393997192
29.3092002869 40.898601532
18.4661998749 54.3776016235
19.08 50.4743
-60.8321990967 11.1497001648
22.0189990997 50.1100006104
12.279800415 57.6627998352
-82.4091033936 22.989200592
-76.3151016235 20.7856006622
-81.3089981079 28.4293994904
-81.4353027344 23.0344009399
28.0307006836 53.8824996948
58.361000061 37.9868011475
68.8249969482 38.5433006287
23.9710998535 56.9235992432
23.9444999695 37.9364013672
50.1642990112 53.504901886
-1.74802994728 52.4538993835
25.2858009338 54.6341018677
22.9708995819 40.5196990967
-58.5358 -34.8222
43.9631996155 36.2375984192
2.73881006241 39.551700592
55.5218009949 -4.67433977127
5.6377801895 58.876701354
19.7847995758 50.0777015686
73.9197006226 18.5820999146
-13.8638000488 28.4526996613
-17.7555999756 28.626499176
-15.3865995407 27.9319000244
-13.6051998138 28.9454994202
-16.5725002289 28.044500351
-9.41306972504 30.3250007629
-7.58997011185 33.3675003052
0.055278 51.505299
35.4883995056 33.8208999634
-22.8889007568 16.1364994049
16.885799408 51.1026992798
13.76720047 51.1328010559
-16.7744998932 32.6978988647
102.183998108 27.9890995026
76.0199966431 39.5429000854
97.1082992554 30.5536003113
94.3352966309 29.3033008575
80.291702 41.262501
86.1288986206 41.6977996826
81.330299 43.955799
98.4858333333 24.9380555556
100.319 25.649401
-84.5093994141 46.4850006104
-57.3913993835 49.2108001709
-66.5372009277 45.8689002991
-76.5969009399 44.2252998352
-71.393303 46.7911
-82.9555969238 42.2756004333
-64.6785964966 46.1122016907
-89.3238983154 48.3718986511
-60.0477981567 46.1613998413
-80.7988967896 46.625
-65.890296936 45.3161010742
-81.376701355 48.5696983337
-58.2541007996 6.4985499382
-81.1539 43.035599
-79.4227981567 46.3636016846
-63.1211013794 46.2900009155
-52.7518997192 47.618598938
-94.713898 39.2976
-81.8498001099 41.4117012024
-84.6678009033 39.0488014221
-78.9282989502 33.6796989441
-77.037697 38.8521
-80.1527023315 26.072599411
-76.7633972168 40.1935005188
-80.23290253 40.49150085
-86.294403 39.7173
-77.6724014282 43.1189002991
-78.7874984741 35.8776016235
-82.533203125 27.9755001068
-82.3088989258 42.9994010925
-86.6781997681 36.1245002747
-73.87259674 40.77719879
-4.43306016922 55.8718986511
-72.2658996582 21.7735996246
-87.8965988159 42.9472007751
-77.114304 -12.0219
-76.7874984741 17.9356994629
-76.106300354 43.1111984253
-82.8918991089 39.9980010986
-61.792702 17.1367
-59.4925003052 13.0746002197
-61.7862014771 12.0041999817
-72.6831970215 41.9388999939
-60.952599 13.7332
-70.0151977539 12.5013999939
-63.1088981628 18.0410003662
-61.3372001648 10.5953998566
-81.7552032471 26.5361995697
-76.66829681 39.17539978
-79.3834991455 9.0713596344
-85.5444030762 10.5932998657
-84.2088012695 9.99386024475
-90.2580032349 29.9934005737
-89.055702 13.4409
-78.3283996582 22.4610004425
-77.8475036621 21.42029953
-79.9436035156 22.4922008514
-81.3576965332 19.2928009033
-75.8779983521 23.5625991821
-77.4662017822 25.0389995575
-69.7419967651 19.2670001984
-90.3700027466 38.7486991882
-64.6787033081 32.3639984131
129.019125 47.7520555556
-70.6143035889 41.3931007385
-81.442199707 40.9160995483
-79.396202 43.627499
-70.28040314 41.66930008
-81.6878967285 30.4941005707
-70.06020355 41.25310135
-74.5772018433 39.4575996399
-68.0447998 46.68899918
-95.27890015 29.64539909
-118.1520004 33.81769943
-77.3197021484 37.5051994324
-81.20210266 32.12760162
-97.6698989868 30.1944999695
-70.2213973999 42.0718994141
-69.7973022461 44.3205986023
-70.6046981812 19.4060993195
-80.0955963135 26.6832008362
-8.92481994629 52.7019996643
-87.7524032593 41.7859992981
-73.4681015015 44.6509017944
-80.04049683 32.89860153
-78.73220062 42.94049835
-73.10019684 40.79520035
-73.8016967773 42.748298645
-23.4934997559 14.9245004654
-72.3041992188 43.6260986328
-72.94960022 43.52939987
-74.206199646 44.3852996826
-68.3615036 44.45000076
-69.09919739 44.06010056
32.7066001892 25.670999527
43.1595001221 11.5473003387
-13.612 9.57689
10.754699707 35.7580986023
-6.0346198082 43.5635986328
60.6417007446 41.5843009949
-8.41514015198 42.8963012695
-8.62677001953 42.2318000793
-0.715556025505 44.8283004761
-0.418610990047 43.3800010681
-1.5311111 43.4683333
8.7930556 42.5244444
8.80292034149 41.9235992432
3.1691699028 45.7867012024
-4.41854000092 48.4478988647
-1.73478996754 48.0694999695
-1.61073005199 47.1531982422
-47.9208335876 -15.8691673279
7.80916976929 36.8222007751
6.62038993835 36.2760009766
-0.621182978153 35.6239013672
-1.51242005825 12.3531999588
16.760599 41.138901
2.18360996246 13.4814996719
8.8375 44.4133
10.6909999847 34.7179985046
1.25451004505 6.16560983658
-2.84972000122 53.3335990906
18.1110992432 49.6963005066
11.5532999039 3.72255992889
-1.66057002544 53.8658981323
-1.69166994095 55.0374984741
-1.32806003094 52.8311004639
18.7233009338 42.4047012329
-3.41388988495 50.7344017029
-8.49110984802 51.8413009644
-61.003200531 14.5909996033
-61.5317993164 16.2653007507
-2.19550991058 49.207901001
-6.21582984924 54.6575012207
15.2530002594 -4.25169992447
11.8865995407 -4.81603002548
2.38435006142 6.35723018646
9.71947956085 4.0060801506
44.3959007263 40.1473007202
55.5102996826 -20.8871002197
44.95470047 41.6692008972
9.4122800827 0.458600014448
-3.92629003525 5.2613902092
-0.368333011866 51.8746986389
15.0340003967 12.1337003708
-7.94994020462 12.5334997177
15.4446001053 -4.38574981689
-13.1955003738 8.61643981934
-6.75152015686 34.0514984131
-8.03629970551 31.6068992615
-15.9484996796 18.0981998444
-22.9493999481 16.741399765
-17.4902000427 14.7397003174
136.923995972 35.2550010681
-122.873001099 42.3741989136
-121.1500015 44.2541008
-124.2369995 41.78020096
-119.119003296 46.2647018433
-124.10900116 40.978099823
-116.2229996 43.56439972
-119.0569992 35.43360138
-76.2012023926 36.8945999146
-98.4698028564 29.533700943
-110.941001892 32.1161003113
-118.35900116 34.2006988525
-119.718002319 36.7761993408
-121.8580017 39.79539871
-117.600997925 34.0559997559
-103.310997009 20.5217990875
-101.481002808 20.9934997559
-101.025001526 19.849899292
-119.767997742 39.4990997314
-120.9540024 37.62580109
-121.591003418 38.695400238
-104.700996399 38.8058013916
-97.6007003784 35.3931007385
-121.733001709 42.1561012268
-124.246002197 43.417098999
-120.641998291 35.2368011475
-121.843002319 36.5870018005
-119.8399963 34.42620087
-106.60900116 35.0401992798
-122.2929993 40.50899887
-123.211997986 44.1245994568
-122.8130035 38.50899887
-106.8690033 39.22320175
-70.30930328 43.64619827
-155.04800415 19.7213993073
-94.306801 36.281898
-112.4199982 34.65449905
-122.221000671 37.7212982178
-97.4330978394 37.6498985291
-117.533996582 47.6198997498
-89.9766998291 35.0424003601
-106.3779984 31.80719948
-114.6060028 32.65660095
-90.5274963379 14.5832996368
-102.318001 21.705601
-104.527999878 24.1242008209
-111.047996521 29.0958995819
-149.996002197 61.1744003296
-111.347999573 25.989200592
-122.538002014 48.7928009033
-106.088996887 35.617099762
-106.26599884 23.1613998413
-102.039001465 19.3966999054
-102.68699646 22.8971004486
-101.460998535 17.601600647
-104.558998108 19.1448001862
-118.8379974 37.62409973
-88.3081970215 17.539100647
-119.392997742 36.3186988831
-120.5139999 37.28469849
-120.4570007 34.89889908
-111.722999573 40.2192001343
-117.2799988 33.12829971
-99.951897 49.91
-79.9349975586 43.1735992432
-80.3786010742 43.4608001709
-110.072998047 53.3092002869
-113.893997192 52.1822013855
-112.800003052 49.6302986145
-118.885002136 55.1796989441
-110.721000671 50.018901825
-122.361000061 49.0252990723
-114.440002441 62.4627990723
-95.8880996704 36.1983985901
-85.736 38.1744
-82.2189025879 34.8956985474
-95.8940963745 41.3031997681
-89.3375015259 43.1399002075
2.3794444 48.7233333
-84.2193984985 39.9024009705
-71.4204025269 41.7326011658
-83.9940033 35.81100082
-85.52279663 42.88079834
-73.1532974243 44.4719009399
-87.9235992432 15.4525995255
-93.6631011963 41.5340003967
-64.9733963013 18.3372993469
-67.1294021606 18.4948997498
-78.695602417 26.5587005615
-76.4583969116 42.4910011292
-79.9373016357 36.0978012085
-71.4356994629 42.932598114
-68.2685012817 12.1309995651
25.3481006622 37.4351005554
-38.5326004028 -3.7762799263
17.947001 40.6576
16.2423 38.905399
8.29077 40.632099
9.05428 39.251499
13.5225000381 52.3800010681
7.1427397728 50.8658981323
-68.9117965698 18.4507007599
34.3950004578 27.9773006439
25.4792995453 36.3992004395
5.37452983856 51.4500999451
12.6181 35.497898
11.9689 36.816502
15.6516 38.071201
3.086886 50.563332
0.695555984974 51.5713996887
13.1590003967 32.6635017395
13.3623 43.616299
7.62823009491 48.5382995605
11.3264 46.460201
13.4722 45.827499
10.3927 43.683899
27.6205997467 47.1785011292
21.621401 41.961601
4.43722 51.956902
23.9561004639 49.8125
-86.775100708 34.6371994019
-81.5932006836 38.3731002808
-86.523003 16.316799
-91.98760223 30.20529938
-96.8517990112 32.8470993042
-93.2232971191 30.1261005402
-92.0376968384 32.5108985901
-97.6544036865 26.2285003662
-81.1194992065 33.9388008118
-87.1865997314 30.473400116
-90.0758972168 32.3111991882
-93.8255996704 32.4466018677
-78.3575 -0.129166666667
-97.5011978149 27.7703990936
-102.202003479 31.9424991608
-92.2242965698 34.7294006348
-99.4616012573 27.543800354
-96.36380005 30.58860016
-87.2172012329 14.0608997345
-99.7539978027 16.7570991516
-96.2626037598 15.7753000259
-91.7990036011 18.6536998749
-97.4259033203 25.9067993164
-105.964996338 28.7028999329
-86.9255981445 20.5223999023
-103.2170029 32.6875
-100.929000854 25.5494995117
-97.8289031982 31.067199707
-89.657699585 20.9370002747
-100.107002258 25.7784996033
-96.726600647 16.9999008179
-98.3713989258 19.1581001282
-88.2427978516 30.6912002563
-100.185997009 20.6173000336
-100.930999756 22.2542991638
-103.411003113 25.5683002472
-98.23860168 26.17580032
-101.822998047 33.6636009216
-92.8173980713 17.9969997406
-96.1873016357 19.1459007263
-86.1681976318 12.141500473
-92.5497970581 31.3274002075
-86.525398 30.4832
-96.9185028076 28.8526000977
-86.75350189 33.56290054
-91.14959717 30.53319931
-84.6059036255 38.0364990234
-89.070098877 30.4073009491
-101.706001282 35.2193984985
-108.527000427 39.1223983765
-95.4023971558 32.3540992737
-97.8658981323 22.2964000702
34.5836982727 25.557100296
22.0254993439 37.0682983398
24.6191997528 40.9132995605
26.5983009338 39.0567016602
20.7653007507 38.9254989624
26.911699295 37.6899986267
20.8843002319 37.7509002686
-4.99540996552 50.4406013489
35.4953994751 38.770401001
0.234999999404 51.8849983215
32.0886001587 41.506401062
-68.959801 12.1889
-3.34332990646 51.3967018127
45.3167381287 35.5617485046
-114.255996704 48.3105010986
-114.0910034 46.91630173
-134.576004028 58.3549995422
-111.983001709 46.6068000793
-131.7140045 55.35559845
-120.207000732 47.3988990784
-147.8560028 64.81510162
-118.288002 46.09489822
-111.3710022 47.48199844
-120.5439987 46.56819916
-117.110001 46.7439
-117.01499939 46.3745002747
-111.1529999 45.77750015
-108.542999268 45.8077011108
27.8251 43.232101
14.3377 46.642502
22.7943000793 39.2196006775
18.3314990997 43.8246002197
23.6861991882 46.7851982117
36.2900009155 49.9248008728
24.091299057 45.7855987549
7.49714994431 46.914100647
9.56077003479 47.4850006104
21.2411003113 48.6631011963
35.1006011963 48.3572006226
30.6765003204 46.4267997742
39.170501709 45.0346984863
39.8180999756 47.2582015991
27.5151996613 42.5695991516
38.0158004761 59.273601532
16.2506008148 58.5862998962
26.6903991699 58.3074989319
27.4053001404 68.6072998047
29.6075000763 62.6628990173
25.6783008575 62.3995018005
24.5820999146 65.7787017822
27.6923999786 64.2854995728
23.1431007385 63.7211990356
29.2394008636 65.9876022339
27.7978000641 63.0070991516
19.8981990814 60.1222000122
25.3546009064 64.9300994873
21.7999992371 61.4617004395
25.8304004669 66.5647964478
28.9451007843 61.9430999756
23.6044006348 61.414100647
22.2628002167 60.5140991211
21.7621994019 63.0507011414
17.9416999817 59.3544006348
32.3005981445 36.2992172241
-84.0795974731 43.5329017639
-75.97979736 42.20869827
-80.1738667488 42.0831270134
-75.7233963013 41.3385009766
-77.8487014771 40.8493003845
-75.4408035278 40.6520996094
-86.3172988892 41.7086982727
-74.8134994507 40.2766990662
-84.5874023438 42.7787017822
-85.2037963867 35.0353012085
-73.7076034546 41.0670013428
-84.79669952 45.57089996
-88.1296005249 44.4850997925
-74.1047973633 41.5041007996
-87.395401001 46.3535995483
-87.0936965942 45.7226982117
-75.60649872 39.67869949
-84.4723968506 46.2508010864
-76.8916015625 42.1599006653
-68.8281021118 44.8073997498
-82.5418014526 35.4361991882
-79.975402832 37.3255004883
-87.5324020386 38.0369987488
-85.5821990967 44.7414016724
-88.91590118 40.47710037
-85.5521011353 42.2349014282
-85.19509888 40.97850037
-91.7108001709 41.8847007751
-89.6668014526 44.7775993347
-89.6932983398 40.6641998291
-88.5190963745 44.2580986023
-90.5074996948 41.4485015869
-83.56030273 45.0780983
17.2975006104 44.9413986206
10.2394 42.7603
8.9105796814 46.0042991638
-86.39399719 32.30059814
-100.496002197 31.3577003479
-98.4166030884 34.5676994324
-96.8158035278 46.9207000732
-98.3096008301 40.9674987793
-93.38860321 37.24570084
-94.498298645 37.1517982483
-94.367401123 35.3366012573
-94.7115020752 32.3839988708
-100.723999023 37.9275016785
-94.0206985474 29.950799942
-98.49189758 33.98880005
-84.3503036499 30.3964996338
-97.2304992676 31.6112995148
-107.753997803 37.1515007019
-99.6819000244 32.4113006592
-92.2195968628 38.8180999756
-104.53099823 33.3016014099
-96.741897583 43.5820007324
-88.27809906 40.03919983
-96.6707992554 39.1409988403
-93.9909973145 33.4537010193
-103.056999207 44.04529953
47.6621017456 30.5491008759
52.0924987793 55.5647010803
20.2695007324 32.0968017578
44.2346000671 33.2625007629
30.1394996643 -1.96862995625
32.5531997681 15.5895004272
39.2025985718 -6.87810993195
46.3176002502 40.737701416
45.4584007263 39.1888008118
32.4435005188 0.0423859991133
38.8955917358 37.4456634521
30.115724 39.107377
27.6643009186 37.2505989075
33.7957992554 41.314201355
59.6409988403 36.2351989746
29.6963996887 30.9176998138
51.8213996887 47.1218986511
51.091999054 43.8600997925
28.4883003235 44.3622016907
35.2803993225 36.9822006226
37.4786987305 36.9472007751
32.561901 37.979
38.253899 38.353699
35.521999 40.829399
36.9035 39.813801
29.7012996674 37.7855987549
39.2914009094 38.6068992615
40.2010002136 37.893901825
39.5270004272 39.7102012634
41.1702003479 39.9565010071
39.7896995544 40.995098114
43.3322982788 38.4682006836
41.1166000366 37.9290008545
40.6316986084 37.2233009338
9.84924316406 57.0927589138
41.6612014771 38.7477989197
33.4961013794 35.1547012329
36.2822227478 36.36277771
72.793296814 40.6090011597
36.9535217285 37.5388259888
38.4688987732 37.7313995361
37.7397003174 48.073600769
39.9566001892 43.4499015808
43.1150016785 40.5621986389
43.0259780884 39.6545410156
49.2787017822 55.6062011719
30.3684005737 37.8554000854
55.8744010925 54.5574989319
41.5997009277 41.6102981567
44.2196998596 15.4763002396
34.5345 38.7719
69.2123031616 34.5658988953
67.2097015381 36.7069015503
43.7743988037 26.3027992249
44.404317 31.989853
39.7051010132 24.5534000397
40.543442 21.483001
38.0634 24.144199
47.1581001282 34.3459014893
51.8613014221 32.7508010864
52.5898017883 29.5391998291
46.2350006104 38.1338996887
35.0181007385 29.6116008759
14.5703001022 45.2168998718
-8.37726020813 43.3021011353
91.8667984009 24.9631996155
-5.87249994278 54.6180992126
-5.34965991974 36.1511993408
18.6016998291 -33.9648017883
-5.91689014435 35.7268981934
-82.4074020386 36.4752006531
-72.2925033569 18.5799999237
-84.9389038086 32.5163002014
-88.5914001465 33.4502983093
-78.8803024292 34.9911994934
-88.7518997192 32.3325996399
-77.6120986938 34.8292007446
-82.2717971802 29.6900997162
-76.49299622 37.13190079
-81.9645004272 33.3698997498
-80.6453018188 28.1028003693
-77.0429000854 35.0730018616
-85.4496002197 31.3213005066
-83.6492004395 32.6927986145
-77.9026031494 34.2705993652
-80.3994979858 37.8582992554
-81.4664993286 31.2588005066
-81.7595977783 24.5561008453
-87.61019897 34.74530029
-89.337097168 31.4671001434
-88.7698974609 34.2681007385
-83.2767028809 30.7824993134
-81.058098 29.179899
-78.4529037476 38.1385993958
-85.795414 30.357106
-84.1945037842 31.5354995728
-82.554397583 27.3953990936
-83.743598938 42.9654006958
-81.1241989136 37.7873001099
-78.8339004517 40.3161010742
-79.91629791 39.64289856
-78.31999969 40.29639816
-77.72949982 39.707901
-78.8964004517 38.2638015747
-76.2960968018 40.1217002869
-118.841003418 45.695098877
37.0745010376 -3.42940998077
32.4856987 34.7179985046
-81.2375030518 28.7775993347
2.7605500221 41.901000977
-5.89310979843 37.4179992676
-55.1878013611 5.4528298378
26.1406002045 38.3432006836
23.0170001984 36.2742996216
-1.35679996014 50.9502983093
-0.350832998753 53.5744018555
-1.42940998077 54.5092010498
-4.04750013351 57.5424995422
1.28278005123 52.6758003235
6.11969995499 62.5625
8.08537006378 58.2042007446
14.7279996872 56.9291000366
15.6805000305 58.4062004089
10.258600235 59.1866989136
10.9239998 63.4578018
31.0928001404 -17.9318008423
-25.0552997589 16.8332004547
-170.710006714 -14.3310003281
171.272003174 7.06476020813
-157.095993042 21.1529006958
-156.67300415 20.9629001617
-156.951004028 20.7856006622
-115.57900238 32.8342018127
-50.7116031647 67.0122218992
10.6190004349 56.2999992371
9.12462997437 56.2975006104
14.7595996857 55.0633010864
9.79172992706 54.9644012451
-7.27721977234 62.0635986328
5.20836019516 59.3452987671
7.26249980927 62.7447013855
21.0939006805 55.9732017517
-112.070999146 43.5145988464
-111.447998 36.92610168
-106.9179993 39.64260101
-102.802001953 46.7974014282
-100.5920029 40.20629883
-105.539001465 44.3488998413
-108.627998352 37.3030014038
-107.2180023 40.48120117
-100.9599991 37.0442009
-109.024002075 44.520198822
-101.279998779 48.2593994141
-104.497001648 38.289100647
-96.7592010498 40.8510017395
-103.641998291 48.177898407
-108.230003357 36.7411994934
-104.8119965 41.15570068
-108.459999084 43.064201355
-103.5960007 41.87400055
-106.9329987 38.53390121
-99.9655990601 37.7634010315
-106.4639969 42.90800095
-102.804000854 42.0531997681
-105.866997 37.434898
-105.675003052 41.3120994568
-100.6839981 41.12620163
-100.2860031 44.38270187
-109.0650024 41.59420013
-106.980003357 44.7691993713
-107.893997192 38.5097999573
-110.737998962 43.6072998047
-113.510305556 37.0363888889
-100.746002197 46.7727012634
-79.8835983276 -2.15741991997
-75.513 10.4424
-75.4231 6.16454
-66.56300354 18.0083007812
-88.7738037109 37.060798645
-91.4842987061 44.8657989502
-94.0598983765 45.5466003418
-90.70950317 42.40200043
-92.1936035156 46.8420982361
-92.5 43.9082984924
-96.38439941 42.40259933
-76.021697998 43.9919013977
-95.6635971069 38.9509010315
-91.12550354 40.7831993103
-88.4890975952 47.1683998108
-86.23819733 43.16949844
-83.80780029 41.58679962
-88.8656997681 39.8345985413
-91.256699 43.879002
-92.4002990723 42.5570983887
-94.93370056 47.50939941
-97.176102 47.949299
-93.4030990601 48.5662002563
-92.83899689 47.38660049
-98.4217987061 45.4491004944
-94.13809967 46.39830017
-97.15470123 44.91400146
-89.4674987793 45.6311988831
-88.1145019531 45.8184013367
127.412002563 50.4253997803
150.720001221 59.9109992981
158.453994751 53.1679000854
113.306 52.026299
177.740997314 64.7349014282
149.130147 -36.242155
44.345500946 48.7825012207
61.5033 55.305801
65.3243026733 57.1896018982
64.4832992554 39.7750015259
66.9838027954 39.7005004883
72.2939987183 40.7276992798
71.7450027466 40.3587989807
71.5567016602 40.9846000671
74.7973022461 31.7096004486
65.9215011597 38.8335990906
67.3099975586 37.2867012024
65.1707992554 40.1171989441
55.51720047 25.3285999298
20.5925998688 54.8899993896
59.623298645 42.4883995056
73.3105010986 54.966999054
43.0819015503 44.2251014709
86.8771972656 53.8114013672
85.2082977295 56.3802986145
37.3473014832 45.0021018982
40.7167015076 64.6003036499
76.5203018188 66.0693969727
73.3343963623 49.6707992554
12.9149999619 50.202999115
38.0124807358 44.5820926295
33.9751014709 45.0522003174
32.7508010864 68.7817001343
91.3850021362 53.7400016785
83.5384979248 53.3638000488
86.1072006226 55.2700996399
42.1128005981 45.1091995239
48.0063018799 46.2832984924
58.7556991577 53.3931007385
76.4835968018 60.9492988586
56.0211982727 57.9145011902
73.401802063 61.3437004089
50.8451004028 61.6469993591
55.4566993713 51.7957992554
75.3981018066 19.8626995087
69.6701965332 23.2877998352
73.2263031006 22.3362007141
77.3374023438 23.2875003815
72.1852035522 21.752199173
73.8313980103 15.3808002472
75.8011016846 22.7217998505
80.0520019531 23.1777992249
70.0126037598 22.4654998779
79.047203064 21.0921993256
70.7795028687 22.3092002869
81.7388000488 21.1804008484
72.7417984009 21.1140995026
73.8961029053 24.6177005768
78.2277984619 26.2933006287
85.8178024292 20.2444000244
85.0879974365 25.591299057
77.960899353 27.1557998657
81.7339019775 25.4400997162
82.8592987061 25.4524002075
76.7884979248 30.673500061
73.0488967896 26.2511005402
75.8122024536 26.8241996765
74.8374023438 32.6890983582
75.0848999023 15.361700058
80.8892974854 26.7605991364
70.9210968018 20.7131004333
74.7742004395 33.9870986938
75.9552993774 11.1367998123
74.8900985718 12.9612998962
45.0288009644 12.8295001984
176.083999634 -38.7397003174
170.197998047 -45.9281005859
177.977996826 -38.6632995605
175.332000732 -37.8666992188
173.912002563 -35.2627983093
173.285003662 -35.0699996948
174.179000854 -39.0085983276
173.220993042 -41.2983016968
175.617004395 -40.3205986023
174.988998413 -40.9047012329
176.317001343 -38.1091995239
176.195999146 -37.6719017029
173.869995117 -41.5182991028
176.914001465 -37.9206008911
174.365005493 -35.7682991028
175.024993896 -39.9622001648
176.869995 -39.465801
81.124128 6.284467
80.7285003662 7.95666980743
80.3202972412 5.99368000031
73.1556015015 -0.693341970444
78.0933990479 9.83450984955
-107.474998474 24.7644996643
-109.833000183 27.3925991058
-106.429000854 31.636100769
-104.843002319 21.419500351
-103.577003479 19.2770004272
-109.081001282 25.6851997375
-110.361999512 24.0727005005
-93.0224990845 16.5636005402
80.3648986816 26.441400528
83.4496994019 26.7397003174
76.2633972168 32.1651000977
85.3217010498 23.3143005371
62.2282981873 34.2099990845
65.8478012085 31.5058002472
77.1544036865 31.8766994476
78.1802978516 30.189699173
75.9525985718 30.8547000885
77.5465011597 34.1358985901
85.8332977295 51.9667015076
48.8180007935 38.7463989258
47.7125 40.826667
69.5945968628 53.3291015625
82.4942016602 50.0365982056
112.029998779 66.4003982544
48.2266998291 54.2682991028
34.1547012329 61.8852005005
45.7840995789 43.2980995178
44.3308982849 46.3739013672
66.611000061 66.5907974243
69.0860977173 61.0284996033
53.4575004578 56.8280982971
72.6988983154 65.4809036255
36.5900993347 50.6437988281
63.9930992126 67.4886016846
52.801700592 54.6399993896
47.3473014832 56.0903015137
58.5956001282 51.0724983215
45.2122573853 54.1251296997
109.21900177 11.9982004166
46.0466995239 51.5649986267
75.2699966431 63.1833000183
12.6117 44.020302
15.7385997772 50.0134010315
65.4156036377 55.4752998352
33.5882987976 67.4633026123
87.3321990967 69.3110961914
44.6066017151 43.2051010132
8.08049964905 48.7793998718
71.3035964966 42.8535995483
69.4788970947 42.364200592
77.0738983154 52.1949996948
57.2066993713 50.2458000183
114.039001465 62.5346984863
101.697998047 56.3706016541
30.45194 50.40194
47.6523017883 42.8167991638
69.6947021484 40.2154006958
39.229598999 51.814201355
43.8592987061 40.7504005432
45.0210990906 53.1105995178
69.8050003052 37.9880981445
33.5709991455 44.688999176
49.375 14.6625995636
53.9802017212 26.5261993408
48.7882995605 15.9660997391
70.2796020508 28.3838996887
-151.360992432 -22.4340991974
-149.524002075 -23.3654003143
-148.231002808 -15.119600296
-145.656997681 -16.0541000366
-146.070007324 -14.4368000031
-134.88999939 -23.0799007416
-146.884994507 -15.6632995605
-143.658004761 -16.5839004517
-148.716995239 -14.8681001663
-145.024993896 -14.4558000565
-140.229003906 -8.79559993744
-151.75100708 -16.4444007874
-147.660995483 -14.9542999268
-151.022003174 -16.6872005463
-149.761993408 -17.4899997711
-152.244003296 -16.4265003204
-151.466003 -16.7229
-146.257003784 -14.4280996323
-139.011001587 -9.76879024506
-147.662002563 -23.8852005005
-152.8059 -22.63725
-109.42199707 -27.1648006439
44.9411010742 10.3892002106
52.580278 24.283611
31.6011009216 4.87201023102
74.3638916016 32.5355567932
37.2341003418 19.433599472
31.1197222222 -29.6144444444
28.4526004791 -15.3308000565
42.6566009521 18.2404003143
41.686298 27.437901
36.6189 28.3654
54.3833007812 27.6746997833
48.7620010376 31.3374004364
50.8345985413 28.9447994232
54.824798584 26.531999588
56.3777999878 27.2182998657
60.9062004089 29.4757003784
54.4580993652 24.4283008575
54.0913009644 17.0387001038
71.4190979004 30.2031993866
108.120002747 12.668299675
108.366996765 11.75
108.706001282 15.4033002853
109.333999634 13.0495996475
105.711997986 10.085100174
108.016998291 14.0045003891
103.008003235 21.3974990845
109.041999817 13.9549999237
105.67099762 18.7376003265
107.70300293 16.4015007019
103.9931 10.1698
105.132379532 9.95802997234
105.177778 9.177667
105.78099823 15.1321001053
106.724998474 20.8194007874
106.633003235 8.73182964325
112.080001831 2.90638995171
115.153999329 3.42100000381
115.050003052 3.96700000763
114.782997131 3.29999995232
115.478996277 3.73389005661
115.010002136 4.80830001831
114.32900238 4.17897987366
-2.37010002136 36.8438987732
-6.8213300705 38.8913002014
-3.77735996246 37.1887016296
-5.50198984146 40.9520988464
-1.79060995579 43.3564987183
-4.85194015503 41.7061004639
-3.82000994682 43.4271011353
12.5949 41.7994
2.11278009415 49.4543991089
9.70417 45.673901
12.1944 45.648399
4.45382022858 50.4592018127
7.61223983765 51.5182991028
21.3379001617 45.8098983765
-4.58666992188 55.5093994141
-5.65556001663 42.5890007019
-3.62075996399 42.3576011658
10.785439 59.378817
16.9122009277 58.7886009216
-16.6522006989 13.3380002975
-16.3414993286 28.4827003479
-4.97796010971 33.9272994995
20.6518001556 52.4510993958
111.248001 23.456699
127.896003723 1.1852799654
126.672996521 4.006939888
125.527999878 3.68320989609
109.48500061 30.3202991486
100.959 22.793301
103.754997253 27.3255996704
103.427001953 4.53722000122
32.8199996948 23.9643993378
8.52462005615 12.0475997925
44.4000015259 24.5
40.0999984741 29.7851009369
54.4012985229 36.9094009399
31.0119991302 27.0464992523
38.9107017517 15.2918996811
44.1390991211 13.6859998703
42.9762992859 14.7530002594
49.4851989746 25.2852993011
41.6343002319 20.2961006165
42.6208992004 19.9843997955
42.5858001709 16.9011001587
37.278898 31.412413
44.4192008972 17.6114006042
46.125099 28.335199
41.1381988525 30.9066009521
47.1213989258 17.4668998718
36.476398468 26.198600769
45.0686988831 37.6680984497
49.617778 37.323333
51.3134002686 35.689201355
54.2765007019 31.9048995972
31.742778 26.342778
27.1459999084 35.4213981628
8.61631965637 51.6141014099
12.2783002853 53.9182014465
31.1553993225 -23.9372005463
30.3987007141 -29.6490001678
29.458615 -23.845269
21.2602005005 -28.39909935
27.4745006561 -21.1595993042
25.162399292 -17.8328990936
23.4311008453 -19.9726009369
25.9181995392 -24.5552005768
31.3075008392 -26.5289993286
32.0920982361 -28.7409992218
28.6648998261 -12.9981002808
28.6733551025 -31.5463631849
39.224899292 -6.22202014923
25.8227005005 -17.8218002319
31.1056003571 -25.3831996918
30.343000412 -30.8574008942
14.6452999115 -22.9799003601
34.9076004028 -19.7964000702
35.4085006714 -23.8763999939
32.5726013184 -25.9207992554
40.5240135193 -12.9917621613
33.6402015686 -16.1047992706
35.3133010864 -22.0184001923
28.6179008484 -20.0174007416
25.8390007019 -18.0958995819
34.9739990234 -15.6791000366
33.78099823 -13.7894001007
27.5524997711 -29.4622993469
27.5308990479 -11.5913000107
39.2817993164 -15.1056003571
26.302400589 -29.0926990509
27.8258991241 -33.0355987549
22.378900528 -34.0055999756
31.0487003326 -24.3686008453
24.7651996613 -28.8027992249
25.6173000336 -33.9849014282
98.43699646 19.3719997406
97.9757995605 19.3013000488
170.98500061 -42.7136001587
168.31300354 -46.412399292
103.637001038 10.57970047
91.2404022217 23.8869991302
92.6196975708 23.8405990601
93.896697998 24.7600002289
92.9786987305 24.9129009247
95.0168991089 27.4839000702
91.9786987305 25.7035999298
92.7296981812 11.6412000656
89.4245986938 27.4032001495
93.7711029053 25.8838996887
91.9638977051 21.4521999359
89.1607971191 23.1837997437
88.6165008545 24.4372005463
88.9088973999 25.7591991425
90.3012008667 22.8010005951
43.4906005859 29.6263999939
38.731544 31.692188
103.157997131 19.4500007629
101.994003296 20.6826992035
101.400001526 20.966999054
87.1932983398 27.3150005341
80.5819015503 28.7532997131
84.429397583 27.6781005859
88.0795974731 26.5708007812
83.416293 27.505685
83.9821014404 28.2008991241
87.263999939 26.4815006256
81.6669998169 28.1035995483
74.6183013916 15.8592996597
76.6496963501 12.3072004318
80.7967987061 16.5303993225
72.1760025024 10.8236999512
73.170501709 6.74422979355
73.4336 0.7324
73.1302 5.1561
72.9969024658 0.488130986691
73.5218963623 1.85916996002
101.004997253 12.6799001694
148.595001221 -28.0496997833
143.085998535 -22.3635997772
168.550994873 -16.8910999298
168.177001953 -16.7961006165
167.4472 -16.4864
169.00100708 -18.7693996429
169.283333 -18.856389
169.223999023 -19.4550991058
168.343002319 -17.0902996063
167.923995972 -16.2649993896
168.257003784 -16.438999176
167.822998047 -16.454000473
168.158996582 -16.5841999054
168.17199707 -15.8655996323
167.401000977 -16.07970047
171.225006104 -44.3027992249
171.580993652 -41.7380981445
168.082992554 -15.0
167.690994263 -15.4119997025
167.537002563 -13.8516998291
167.966995239 -15.3066997528
168.151992798 -15.4708003998
167.587005615 -14.2180995941
147.992996216 -40.0917015076
144.253005981 -26.6121997833
138.822006226 -17.9402999878
141.723007202 -20.6683006287
139.899993896 -22.9132995605
139.177993774 -16.6625003815
102.6447 34.8105
-123.132003784 55.3044013977
94.786102 36.4006
107.602997 35.799702
98.3414 39.856899
116.747001648 25.6746997833
34.9600982666 29.5613002777
28.613778 49.242531
65.5924987793 44.7069015503
69.1838989258 54.7747001648
67.733299 47.708302
63.5503005981 53.2069015503
80.2343978882 50.3512992859
63.361000061 -19.7576999664
55.4249992371 -21.3208999634
34.5862998962 10.0185003281
44.0887985229 9.51817035675
7.56196022034 6.47426986694
8.70872020721 3.75527000427
42.9121 9.3325
37.5904998779 6.03939008713
38.7728004456 14.1468000412
37.3216018677 11.6080999374
41.8541984558 9.62469959259
34.5630989075 8.12876033783
37.4339981079 12.519900322
36.8166007996 7.6660900116
39.5335006714 13.4673995972
121.011001587 6.0536699295
153.029998779 -29.7593994141
-56.0307998657 -34.8384017944
-70.3386993408 -18.3484992981
-71.6894989014 -45.9160995483
-68.9036026001 -22.4981994629
-70.854598999 -53.0026016235
-70.1812973022 -20.535200119
-70.445098877 -23.4444999695
-73.0631027222 -36.7727012634
-73.0609970093 -40.6111984253
-71.1995010376 -29.9162006378
-72.6371002197 -38.7667999268
-73.09400177 -41.4388999939
-57.5200004578 -25.2399997711
-58.4156 -34.5592
-64.2080001831 -31.323600769
-68.7929000854 -32.8316993713
-70.4131011963 -27.2968997955
-157.345001221 -20.136100769
-157.70300293 -19.8425006866
-157.906661987 -21.895986557
-158.119003296 -19.9678001404
-159.764007568 -18.8309001923
-179.341995239 -17.7432994843
-178.817001343 -18.1991996765
-178.975997925 -17.2689990997
179.195999 -8.525
-178.065994263 -14.3114004135
135.496002197 -3.36818003654
132.731002808 -5.66162014008
131.305999756 -7.9886097908
132.266998291 -2.9201900959
109.962997437 -1.81664001942
129.785003662 33.7490005493
-0.812389016151 37.7750015259
-1.64632999897 42.7700004578
-0.00643899990246 43.1786994934
-76.3816 3.54322
-63.1353988647 -17.6448001862
-75.8354034424 19.9698009491
-2.32223510742 42.4609534888
-2.9562599659 35.279800415
17.2126998901 48.1702003479
127.308883667 50.1716209371
122.43 52.9127777778
-111.6549988 33.30780029
-121.237998962 37.8941993713
-99.5660018921 19.3370990753
-89.0971984863 42.195400238
49.3483009338 58.5032997131
53.8046989441 63.5668983459
40.1573982239 57.5606994629
29.3185005188 -3.32401990891
35.238899231 0.404457986355
34.7289009094 -0.0861390009522
40.0915985107 1.73324000835
43.2719 -11.5337
32.9327011108 -2.4444899559
45.3046989441 2.01444005966
47.45470047 6.78082990646
40.1016998291 -3.22931003571
138.957000732 -4.10250997543
140.417999268 -8.52029037476
140.6277 -4.9071
133.438995361 -2.53223991394
83.3786 43.4318
79.8648986816 37.0385017395
83.3407974243 46.6725006104
82.3 44.895
84.9527 45.46655
82.9869003296 41.7181015015
119.9117 47.3106
115.617996216 3.97399997711
68.7917022705 27.7220001221
71.7180023193 29.3481006622
70.4859008789 29.9610004425
63.0302009583 25.9864006042
72.9947967529 31.3649997711
62.329498291 25.2332992554
68.1430969238 27.3351993561
64.1324996948 26.9545001984
66.9377975464 30.2513999939
60.3820991516 25.4433002472
56.2406005859 26.170999527
55.6091995239 24.2616996765
71.8005981445 35.8866004944
70.8965988159 31.9094009399
135.570999146 -12.0193996429
134.893997192 -12.0944004059
121.101997375 22.7549991608
96.8339004517 -12.1883001328
86.6219024658 67.4372024536
1.16717004776 41.1473999023
30.5194 39.809898
-1.92399001122 34.7872009277
6.07410001755 62.1800003052
7.13778 61.156101
6.10583019257 61.8300018311
23.3717002869 69.9760971069
12.217499733 65.4610977173
14.3653001785 67.269203186
18.5403995514 69.0558013916
16.6781005859 68.4913024902
9.28806018829 61.0155982971
5.02472019196 61.5835990906
7.82452011108 63.1118011475
29.8913002014 69.7257995605
9.60400009155 63.6988983154
11.342300415 62.5783996582
15.4656000137 78.2461013794
5.3408498764 59.7919006348
12.4688997269 65.9568023682
18.9188995361 69.6832962036
14.9021997452 53.5847015381
114.825996399 60.7206001282
94.4005966187 51.6693992615
114.242996216 57.8661003113
105.730003357 56.8567008972
24.6861000061 48.8842010498
13.5789003372 60.0200996399
13.3374004364 59.4446983337
14.5003004074 63.1944007874
12.8471002579 56.2961006165
15.2650003433 56.2667007446
14.0686998367 57.757598877
14.5114002228 60.957901001
14.0854997635 55.9216995239
16.2875995636 56.6855010986
13.3761978149 55.536305364
12.8201999664 56.6911010742
14.4229001999 62.0477981567
20.8145999908 67.1324005127
17.7688999176 63.0485992432
18.7161998749 64.5483016968
17.4438991547 62.5280990601
18.9899997711 63.4082984924
20.3367996216 67.8219985962
21.0769004822 64.6248016357
20.2828006744 63.7918014526
16.8335990906 64.5791015625
22.1219997406 65.543800354
18.346200943 57.6627998352
64.8266983032 60.1032981873
65.6149978638 62.1100006104
63.6019134521 61.3266220093
74.5337982178 62.1903991699
66.698600769 63.6869010925
49.3925018311 -18.109500885
44.3176002502 -20.2847003937
49.2916984558 -12.3493995667
45.2811012268 -12.8046998978
46.3512325287 -15.6668417421
48.3148002625 -13.3121004105
49.6883010864 -15.4366998672
50.1747016907 -14.2785997391
46.9561004639 -25.0380992889
43.7285003662 -23.3833999634
50.3202018738 -14.9994001389
49.8157997131 -17.0939006805
75.5360031128 35.3354988098
74.3336029053 35.918800354
97.0363888889 32.8363888889
158.208999634 6.98509979248
97.4263000488 27.3299007416
98.6214981079 12.4398002625
7.10950994492 49.2145996094
10.2395000458 47.9888000488
8.51416683197 49.4730567932
5.06992006302 36.7120018005
6.3085899353 35.7521018982
8.12071990967 35.4315986633
3.31153988838 32.9304008484
1.46315002441 35.3410987854
-1.45000004768 35.0167007446
0.147141993046 35.207698822
-0.186414003372 27.837600708
5.73823022842 34.7933006287
3.79411005974 32.3841018677
6.14043998718 31.6730003357
5.41277980804 31.9172000885
9.45244026184 24.2928009033
6.77679014206 33.5113983154
6.25131988525 48.9821014404
2.51202011108 27.2509994507
5.32449007034 36.1781005859
6.08866977692 33.0677986145
20.5004997253 38.120098114
10.9581003189 50.979801178
-4.6238899231 54.0833015442
-8.81849002838 53.9103012085
24.0848007202 54.9639015198
42.4826011658 42.176700592
-1.01065635681 53.4805378105
11.8704004288 57.7747001648
51.5430984497 51.1507987976
128.902999878 71.6977005005
147.901992798 70.6231002808
161.337997437 68.7406005859
35.315700531 47.8670005798
36.2956008911 51.7505989075
170.597000122 69.7833023071
41.48279953 52.806098938
13.4869 -12.4792
15.6837997437 -17.0435009003
16.9473991394 -12.4046001434
14.2469997406 -6.26989984512
12.1884002686 -5.59699010849
15.7604999542 -12.8088998795
12.1468000412 -15.2611999512
16.3124008179 -9.52509021759
17.7198009491 -14.6576004028
20.4319000244 -9.68906974792
12.3718004227 -6.14108991623
13.5749998093 -14.9246997833
19.8976993561 -11.7680997849
6.71215009689 0.378174990416
80.0530555556 32.1
-128.063997 52.139702
-122.597000122 58.8363990784
-156.014007568 20.7956008911
-155.667999268 20.0013008118
-111.6709976 35.13850021
-110.005996704 34.265499115
-119.407997131 58.4914016724
-115.782997131 60.8396987915
-117.165000916 58.6213989258
-111.961997986 60.0203018188
3.35389995575 43.3235015869
12.488 37.9114
-7.08695983887 52.1871986389
-114.487999 42.48180008
-109.7549973 38.75500107
-113.098999023 37.7010002136
-115.791999817 40.8249015808
-109.5100021 40.4408989
-112.596000671 42.9098014832
-112.497001648 45.9547996521
-111.116996765 58.76720047
-98.2285003662 26.0088996887
-102.221000671 18.0016994476
-88.3267974854 18.504699707
-90.5002975464 19.8167991638
-98.9564971924 23.7033004761
-97.5252990723 25.7698993683
-115.241996765 32.6305999756
-94.5807037354 18.1033992767
-99.5705032349 27.4438991547
-97.4608001709 20.6026992798
-100.535003662 28.6273994446
-97.0891036987 15.8768997192
-92.3700027466 14.7943000793
-96.7975006104 19.4750995636
-68.2043991089 49.1324996948
-70.9963989258 48.3306007385
-77.7042007446 53.6253013611
-78.8356018066 48.2061004639
-77.7827987671 48.0532989502
-68.426902771 58.0960998535
-66.864402771 52.9219017029
-68.2080993652 48.6086006165
-56.1730995178 46.7629013062
-66.2656021118 50.2233009338
-77.765296936 55.2818984985
-74.5280990601 49.771900177
-81.5459976196 21.6165008545
-74.5240020752 24.0632991791
-65.738899231 47.629699707
-101.681999207 54.6781005859
-94.3630981445 49.7882995605
-79.2466964722 56.5377998352
-92.1157989502 62.8114013672
-97.8641967773 55.8011016846
-94.7106018066 56.3574981689
-101.091003418 53.9714012146
-93.7930984497 51.0668983459
-94.0650024414 58.739200592
-68.5558013916 63.756401062
96.2210998535 46.3763999939
15.2428998947 -26.6874008179
-51.6781005859 64.19090271
7.26388978958 49.9486999512
18.8101997375 45.4626998901
16.6797008514 43.2857017517
6.14216995239 51.6024017334
-1.84249997139 50.7799987793
-3.02860999107 53.7717018127
5.77014017105 50.9117012024
-9.52377986908 52.1809005737
16.633600235 59.5894012451
-82.55799866 38.36669922
-75.5102996826 38.3404998779
-84.41860199 39.10329819
-77.38529968 35.6352005
-79.7238998413 34.1853981018
-79.2004013062 37.3266983032
-80.6975021362 32.2243995667
5.980003 48.780001
-2.97778010368 53.1781005859
9.83555603027 53.5352783203
5.09000015259 47.268901825
5.44322013855 50.6374015808
4.29639005661 45.540599823
0.0880559980869 49.5339012146
0.306665986776 46.5876998901
1.17944002151 45.8628005981
-3.44000005722 47.7606010437
-0.449999988079 49.1733016968
-37.0703010559 -10.984000206
-41.2770004272 -12.4822998047
-40.8630981445 -14.8627996445
-43.9719429016 -19.6244430542
-49.1758003235 -25.5284996033
-39.0331993103 -14.8159999847
-34.9486122131 -7.14583301544
-35.8964004517 -7.26991987228
-47.1344985962 -23.0074005127
-35.7916984558 -9.51080989838
-35.376111 -5.768056
-40.5690994263 -9.36240959167
-45.0089988708 -12.0789003372
-43.1631011963 -22.9104995728
-46.6563873291 -23.6261100769
-39.0808982849 -16.4386005402
-38.2505989075 -9.40087985992
-40.2863883972 -20.2580566406
-9.6816701889 31.3974990845
9.09778022766 41.5005989075
10.931667 48.425278
0.727605998516 47.4322013855
26.9405994415 36.9632987976
29.5764007568 36.1417007446
-48.4762992859 -1.37925004959
-54.6725006104 -20.4687004089
-56.1166992188 -15.6528997421
-60.0497016907 -3.03860998154
-54.4850006104 -25.6002788544
-49.2206993103 -16.6319999695
-48.6514015198 -26.8799991608
-51.1713981628 -29.9944000244
-47.7766685486 -21.1363887787
-44.2341003418 -2.5853600502
-48.5525016785 -27.6702785492
-39.2700996399 -7.21895980835
-60.785 -32.9036
-54.842682 -25.454516
-42.8235015869 -5.0599398613
-50.4247016907 -21.1413002014
-43.9505996704 -19.8512001038
-53.5008010864 -25.0002994537
-42.4875984192 -19.4706993103
-48.7974014282 -26.2245006561
-51.1301002502 -23.3335990906
-52.01222229 -23.4794445038
-52.3265991211 -28.2439994812
-49.40650177 -20.8166007996
-48.225276947 -18.8836116791
-47.9661102295 -19.7647228241
-66.1771011353 -17.4211006165
-54.926601 -22.2019
-1.59081995487 6.71456003189
-0.863214015961 9.55718994141
-2.32875990868 7.36183023453
-1.77476000786 4.89605998993
-10.7587003708 6.28906011581
-10.3622999191 6.23378992081
7.20602989197 5.42706012726
5.59950017929 6.3169798851
8.34720039368 4.97601985931
3.97832989693 7.36246013641
4.4939198494 8.44021034241
6.94959020615 5.01549005508
5.20719003677 12.9162998199
12.4303998947 9.25755023956
8.093 4.8725
8.86905002594 9.63982963562
7.32010984421 10.6960000992
16.5949993134 31.0634994507
23.907 31.861
8.82250022888 34.422000885
10.1033000946 33.8768997192
8.11056041718 33.9397010803
21.9643001556 32.7887001038
14.607182 36.994601
14.1811 42.431702
7.40055990219 49.209400177
-74.7808 10.8896
-64.689201355 10.1070995331
-71.7278594971 10.5582084656
-64.7985992432 17.7019004822
-62.7187004089 17.3111991882
-77.0835037231 26.5114002228
-76.6835021973 25.474899292
-81.7752990723 26.1525993347
6.57944011688 53.1197013855
-7.16110992432 55.0428009033
23.0688991547 67.2455978394
12.9912996292 60.1576004028
22.5095005035 58.2299003601
-25.1706008911 36.9714012146
-31.1313991547 39.4552993774
-28.7159004211 38.5199012756
-27.0907993317 38.7617988586
-28.4412994385 38.5542984009
-28.1758003235 38.6655006409
5.435061 47.042686
2.30631995201 43.2159996033
4.18449020386 48.7761001587
-1.19527995586 46.1791992188
-16.3500003815 33.0733985901
-81.7112 12.5836
-74.7663 2.15217
-71.7603 6.45108
-70.7369 7.06888
-76.6412 5.69076
-73.2495 10.435
-73.6138 4.16787
-68.1922988892 -16.513299942
-67.9062 3.85353
-72.384 5.31911
-75.2856 9.33274
-71.857179 6.951868
-76.6056 0.978767
-75.7664 4.45278
-76.5008 0.505228
-73.1848 7.1265
-76.9898 3.81963
-72.5115 7.92757
-73.8068 7.02433
-75.5644 1.58919
-75.1333 4.42161
-77.6718 0.861925
-76.7164 7.81196
-69.9432 -4.19355
-75.590582 6.220549
-75.8258 8.82374
-70.2339 1.25366
-75.4647 5.0296
-75.294 2.95015
-67.4932 6.18472
-75.7395 4.81267
-76.6093 2.4544
-77.2915 1.39625
-72.926 11.5262
-72.6394 2.57969
-74.2306 11.1196
7.62322 44.547001
12.5132 43.095901
-1.04155004025 41.6661987305
21.9025001526 47.0252990723
23.4699993134 47.6584014893
22.8857002258 47.7033004761
26.4267997742 40.1376991272
27.9190998077 41.1381988525
9.384967 51.417273
0.518611013889 44.8252983093
-2.0799601078 48.5876998901
-2.21472001076 49.7061004639
-2.90499997139 58.9578018188
-1.29556000233 59.8788986206
-3.09306001663 58.4589004517
-6.33111000061 58.2155990601
8.55340003967 55.5259017944
26.3470993042 37.6827011108
2.48267006874 44.4079017639
2.87067008018 42.740398407
-8.34099960327 55.0442008972
17.9776992798 53.0968017578
-66.330299 47.990799
-54.5680999756 48.9369010925
-60.4258003235 53.3191986084
-76.9210968018 41.2417984009
-72.88680267 41.26369858
-71.672668457 8.62413883209
-70.2208023071 8.61956977844
-69.3586196899 10.0427465439
-69.6809005737 11.4149436951
-64.1304702759 10.4503326416
-70.1514968872 11.7807750702
-72.2710266113 8.23916721344
-71.1610412598 8.58207798004
-63.9665985107 10.9126033783
-63.1473999023 9.754529953
-67.6061019897 5.61998987198
-62.7603988647 8.28853034973
-72.4396972656 7.84082984924
-72.0351028442 7.56538009644
-64.1510848999 8.94514656067
-70.5840606689 9.34047794342
9.56694030762 59.1850013733
-32.4233016968 -3.85492992401
-65.304324 18.313289
-62.5899009705 17.2056999207
-65.4226989746 18.1158008575
-61.2999992371 15.5469999313
-67.1484985352 18.2556991577
-63.0550994873 18.2047996521
-64.5429992676 18.4447994232
-64.4274978638 18.4463996887
-62.8436012268 17.9043998718
27.0137996674 39.554599762
10.7192001343 53.8054008484
15.5151996613 60.422000885
-75.1583023071 20.0853004456
-79.40480042 40.27590179
-71.8757019043 42.2672996521
26.3757991791 36.5798988342
25.3680992126 37.0811004639
25.113195 37.020495
25.9563007355 40.8558998108
20.8225002289 39.6963996887
21.2821998596 40.4463005066
26.8003005981 37.1848983765
25.2362995148 39.917098999
23.5037002563 39.1771011353
26.1012992859 35.2160987854
24.4871997833 38.9676017761
24.4769001007 36.6968994141
24.9508991241 37.4227981567
-72.053101 -50.2803
-54.473400116 -25.7373008728
-65.2703 -43.2105
-68.2958 -54.8433
-71.1575012207 -41.1511993408
0.535023 41.728185
55.6913986206 -4.31929016113
-15.932 23.7183
-17.8871002197 27.8148002625
-17.0300006866 20.9330997467
-13.2192 27.151699
-12.4835996628 22.7563991547
-15.6536998749 11.8948001862
18.5188007355 4.39847993851
-6.90943002701 30.9391002655
-5.32002019882 35.5942993164
4.46027994156 51.1893997192
0.154305994511 49.3652992249
-64.4785995483 48.7752990723
-61.7780990601 47.4247016907
-65.4602966309 48.0710983276
-66.8052978516 54.8053016663
-73.4169006348 45.5175018311
-91.9052963257 50.113899231
-92.7442016602 49.8316993713
-93.4396972656 48.6542015076
-87.9077987671 51.5619010925
-90.2142028809 51.4463996887
-87.3748683929 52.9593933975
-80.6078033447 51.2910995483
-82.4674987793 49.413898468
-56.0830993652 51.3918991089
-97.6521987915 38.7910003662
-93.1547012329 36.2615013123
-81.439201355 39.3451004028
-79.25800323 42.15340042
-78.8986969 41.17829895
-79.8603973389 41.3778991699
-78.6400985718 41.8031005859
-74.4149017334 40.7994003296
-81.9905014 26.92020035
-78.9461975098 43.1072998047
-80.67910004 41.26070023
-77.3912963867 26.745300293
-79.2647018433 25.6998996735
-76.3310012817 25.2847003937
-82.68740082 27.91020012
-88.91560364 35.59989929
-83.3263015747 33.948600769
-7.44305992126 57.0228004456
-6.25666999817 55.6819000244
-7.36278009415 57.481098175
-6.8691701889 56.4991989136
-5.6863899231 55.4371986389
-71.528503418 21.5156993866
-71.1423034668 21.4444999695
-72.1947021484 19.7329998016
-70.158203125 -15.4671001434
-79.8281021118 -6.78747987747
-73.350402832 -13.7063999176
-77.5983963013 -9.34743976593
-80.381401062 -3.55253005028
-71.5830993652 -16.3411006927
-79.1088027954 -8.08141040802
-73.3087997437 -3.78473997116
-70.2758026123 -18.0533008575
-69.2285995483 -12.6135997772
-80.6164016724 -5.20574998856
-71.9387969971 -13.5356998444
-76.3731994629 -6.50873994827
-74.5743026733 -8.37794017792
-78.489402771 -7.13918018341
-75.9499969482 -9.13300037384
-76.2048034668 -9.87880992889
-74.2043991089 -13.154800415
-60.992901 14.0202
-58.1058998108 6.80628013611
-61.210899353 13.1443004608
-69.9856033325 18.5725002289
-67.9283981323 10.1497325897
-62.9794006348 17.4965000153
-63.2200012207 17.6450004578
-85.852897644 10.3556995392
-84.1398010254 9.95705032349
-84.6344985962 10.4779996872
-83.6095 10.42
-83.3000030518 8.53332996368
-83.6417007446 8.71889019012
-82.2508010864 9.3408498764
-82.4349975586 8.39099979401
-83.1821975708 8.65400981903
-83.4685974121 8.95102977753
-84.1297988892 9.44316005707
-85.0138015747 9.73851966858
-79.8827972412 19.6870002747
-80.0999984741 19.6669998169
-86.852997 15.7425
-75.6737976074 24.6294002533
-74.1824035645 22.7455997467
-73.9709014893 22.4417991638
-76.1768817902 24.8950787333
-73.6669006348 20.9750003815
-75.0935974121 23.1790008545
-75.2686214447 23.5823168043
-73.0134963989 22.3794994354
-91.19460297 39.94269943
-87.16680145 37.74010086
-89.01110077 37.75500107
-90.6464004517 35.8316993713
-89.5708007812 37.2252998352
-92.5448989868 40.09349823
-92.14070129 37.74160004
-70.9569015503 41.6761016846
-74.060798645 40.8501014709
-86.24690247 44.2723999
-75.4654998779 44.6819000244
-74.8455963135 44.935798645
-23.2136993408 15.1559000015
-24.4799995422 14.8850002289
2.28918004036 43.5563011169
4.90183019638 43.9072990417
-47.4599990845 -5.53129005432
-49.1380004883 -5.36858987808
-55.5861091614 -11.8850002289
-63.9023017883 -8.70928955078
-67.8980560303 -9.86888885498
-48.3569984436 -10.2915000916
-48.240501 -7.22787
-2.26986002922 31.6457004547
-4.33096981049 11.1600999832
4.41634988785 43.7574005127
14.257399559 10.4513998032
13.5592002869 7.3570098877
13.3701000214 9.33588981628
-6.29166984558 49.9132995605
-52.3604011536 4.81980991364
-63.0471992493 18.099899292
8.75438022614 -0.711739003658
9.80568027496 1.90547001362
23.8885993958 44.3180999756
21.6152992249 47.488899231
24.4125003815 46.4677009583
18.2887001038 0.0226000007242
20.8500003815 -0.216999992728
25.9153995514 -2.91917991638
22.4692001343 -5.90005016327
25.3379993439 0.481638997793
20.7947006226 -6.43833017349
23.5690002441 -6.12124013901
-24.2847003937 16.5883998871
-16.281799 12.5556
-16.746099472 12.410200119
-104.263000488 32.3375015259
-106.268997192 35.8797988892
-92.8133010864 33.2210006714
-93.0961990356 34.4780006409
-89.8664016724 16.9137992859
-162.598999 66.88469696
-163.302002 62.0605011
-170.220001221 57.167301178
-169.662002563 56.5783004761
-154.9109955 59.75439835
-158.5050049 59.04470062
-160.522994995 55.3149986267
-152.4940033 57.75
-156.6490021 58.67679977
-156.766008 71.285402
-161.8379974 60.77980042
-162.725006104 55.2061004639
-145.4779968 60.4917984
-165.445007324 64.5121994019
-148.4649963 70.19470215
-176.645996094 51.8779983521
-146.2480011 61.13389969
-151.244995117 60.5731010437
-155.6060028 62.95289993
-159.542999268 61.5816001892
-160.798996 63.88840103
-151.477005005 59.6455993652
-149.5070038 61.41650009
-117.309997559 64.1160964966
-117.246002197 63.1316986084
-123.435997009 65.2110977173
-70.7146987915 46.0964012146
-114.077002 64.190804
-95.8497009277 68.635597229
-105.138000488 69.1081008911
-115.143997192 67.8167037964
-93.5766983032 69.5466995239
-121.236999512 61.7602005005
-126.797996521 65.2816009521
0.590556025505 44.1747016907
0.815555989742 45.1981010437
3.76289010048 45.0806999207
2.42194008827 44.8913993835
-3.47165989876 48.7543983459
-4.16778993607 47.9749984741
6.14602994919 43.0973014832
10.2964 44.824501
10.1426000595 25.1455993652
23.313999176 24.1786994934
9.71531009674 30.1516990662
-79.3719024658 -3.99588990211
-79.6266021729 0.978519022465
-76.9868011475 -0.46288600564
-78.9843978882 -2.8894701004
-80.6788024902 -0.946078002453
-79.996957 -3.441986
-83.781197 15.2622
24.8508 42.067799
16.6944007874 49.1512985229
-3.02583003044 56.4524993896
-4.53533983231 53.2481002808
-135.7070007 58.4253006
-135.315994263 59.4600982666
-139.660003662 59.5032997131
-135.524002075 59.2438011169
-135.410111 58.0961
-135.361999512 57.0471000671
-132.9450073 56.80170059
-131.57800293 55.1310005188
-132.82800293 55.2062988281
-132.3699951 56.48429871
-133.076004028 55.5792007446
-151.7429962 68.13359833
-152.621994019 66.5518035889
-151.529007 66.91390228
-155.4700012 64.72720337
-145.25 66.5715026855
-156.9369965 64.73619843
-148.968994141 63.8661994934
-143.740005493 66.6449966431
-144.7830048 65.57379913
-147.406997681 66.362197876
-104.1930008 47.70690155
-106.614997864 48.2125015259
-105.574996948 48.0945014954
-104.8069992 47.13869858
-109.762001 48.54299927
24.8467998505 67.7009963989
12.345000267 58.3180999756
-81.3397979736 29.9591999054
28.9078998566 -2.4622399807
24.956199646 12.0535001755
22.4671993256 13.4816999435
25.3246002197 13.6148996353
33.466999054 -8.91699981689
40.1818008423 -10.339099884
31.55 2.2
30.9169998169 3.04999995232
48.5525016785 34.8692016602
51.4646987915 36.6632995605
48.2282981873 30.371099472
59.2661018372 32.8981018066
50.679599762 36.9099006653
61.5438995361 31.0983009338
53.1935997009 36.635799408
48.4244003296 38.3256988525
46.8261985779 14.5513000488
52.1749992371 16.1916999817
52.737701 27.379601
49.1519012451 30.5562000275
56.9510993958 30.2744007111
27.9260997772 -25.9384994507
-90.9856033325 33.4828987122
-80.2281036377 39.2966003418
36.8148002625 -1.32172000408
-70.8233032227 43.0778999329
-89.835197 38.5452
-82.927803 39.813801
28.144743 61.044601
11.5785999298 64.4721984863
14.3014001846 66.363899231
11.1461000442 64.8383026123
13.2149000168 65.783996582
167.731994629 8.72012042999
-53.7293014526 66.9513015747
-45.4259986877 61.1604995728
-51.0570983887 69.2432022095
-52.7846984863 68.7218017578
-52.9393997192 65.4124984741
-112.147003174 35.9524002075
-107.950996399 43.9656982422
-98.2285003662 44.3852005005
-89.617401123 -0.910206019878
-90.2658996582 -0.453758001328
-78.6157989502 -0.906832993031
-96.18499756 48.06570053
53.1218986511 67.6399993896
35.7333335876 65.0299987793
57.3671989441 66.004699707
79.9186019897 24.817199707
81.1819000244 8.53851032257
77.8180999756 64.9308013916
22.2633991241 48.6343002319
53.9057998657 12.6307001114
-145.246002197 -14.7095003128
-139.552001953 -8.93610954285
-140.07800293 -9.3516702652
49.1493988037 11.2753000259
32.5872001648 -13.5583000183
-118.052002 33.79000092
31.9365997314 -13.2588996887
31.1333007812 -10.2166996002
56.3240013123 25.1121997833
17.8458995819 43.2829017639
21.2619991302 46.1766014099
-17.2145996094 28.0296001434
31.611700058 22.3759994507
46.404800415 33.5866012573
47.8815002441 39.6035995483
51.5451011658 30.7005004883
48.2829017639 33.4353981018
58.4500007629 29.0841999054
57.3082008362 37.4930000305
57.595199585 36.1680984497
47.0092010498 35.2458992004
26.9099998474 35.4213981628
36.6333007812 -3.36778998375
36.8690986633 -17.8554992676
33.4290008545 -19.1513004303
35.2663002014 -13.2740001678
145.621994019 -28.0300006866
170.231994629 -19.5163993835
169.770996094 -20.2492008209
169.6009 -19.2346
168.3011 -16.3297
167.712005615 -13.6660003662
166.638000488 -13.3280000687
142.667007446 -25.4130992889
139.533996582 -17.7486000061
143.115005493 -20.7019004822
139.460006714 -24.3460998535
35.0430984497 32.8093986511
34.7821998596 32.1147003174
43.5786018372 5.93513011932
38.9799995422 11.9750003815
-58.4472007751 -51.8227996826
-73.0860977173 -39.6500015259
-73.715693 -42.340388
-64.93595 -27.4966
-55.0942993164 -34.8550987244
-60.4804 -31.7948
-60.8117 -31.7117
-68.4039 -34.588299
-65.751701355 -28.5956001282
-64.3099975586 -27.7655563354
-66.7957992554 -29.3815994263
-65.104897 -26.8409
-68.418198 -31.571501
-66.3563995361 -33.2732009888
-59.0561 -27.45
-58.2281 -26.2127
-55.9707 -27.3858
-65.4861984253 -24.8560009003
-65.0978012085 -24.3927993774
-67.4655 -45.7853
-71.139503479 -42.908000946
-63.0004 -40.8692
-65.1027 -42.7592
-67.7494 -53.7777
-69.3126 -51.6089
-62.1693 -38.725
-57.5733 -37.9342
-68.1557006836 -38.9490013123
-64.275703 -36.588299
-71.137298584 -40.0754013062
133.695999146 -3.64452004433
-78.7492 1.81442
-77.8986 2.57013
-65.2886962891 -19.0070991516
-64.7013015747 -21.5557003021
-112.012001038 41.1958999634
35.6086997986 3.12196993828
31.8212 -1.332
40.9131011963 -2.25241994858
69.4636001587 31.3584003448
20.959400177 69.7867965698
24.9734992981 70.0688018799
23.6686000824 70.6797027588
29.8446998596 70.0652999878
17.3866996765 68.4368972778
16.1441993713 69.2925033569
15.033416748 68.5788269043
13.6093997955 68.1524963379
12.1033000946 67.5278015137
14.6691999435 68.2433013916
31.0449008942 70.3554000854
22.1396999359 70.4867019653
15.0380001068 59.2237014771
19.2819004059 65.5903015137
15.0827999115 65.806098938
49.7737998962 -16.1639003754
162.957993 5.35698
98.5380020142 10.0493001938
0.923888981342 21.375
5.45107984543 22.8115005493
9.64291000366 28.0515003204
2.85959005356 30.5713005066
-2.16722011566 51.8941993713
-77.2869033813 60.0505981445
-78.9169006348 53.8055992126
-78.7583007812 51.4733009338
-69.5997009277 59.2966995239
-65.9927978516 58.7113990784
-69.9558029175 58.6678009033
-78.0768966675 58.4719009399
-69.9991989136 60.0271987915
-64.1063995361 53.5619010925
-63.6114006042 50.2818984985
-61.7891998291 50.1899986267
-64.2885971069 49.8363990784
-76.5183029175 56.5360984802
-76.135597229 51.6911010742
-94.0708007812 61.0942001343
-96.077796936 64.2988967896
-90.7311019897 63.3469009399
-86.2247009277 66.5214004517
-92.5980987549 62.2400016785
-83.3593978882 64.1932983398
-93.3443984985 53.064201355
-94.2555999756 52.1133003235
-93.9732971191 51.8196983337
-94.0614013672 52.6557998657
-92.9710998535 52.4900016785
-68.5167007446 70.4860992432
-69.8833007812 62.8499984741
-85.0325489044 73.0058922479
-76.5267028809 64.2300033569
-65.7136001587 66.1449966431
-81.2425 68.7761001587
-81.8161010742 69.3647003174
16.4466991425 -28.5846996307
-21.9405994415 64.1299972534
-49.6624984741 61.9921989441
-43.818901062 -16.7068996429
-50.0013885498 -6.11527776718
-43.1730575562 -21.5130558014
-52.6566009521 -27.1341991425
-51.1875 -29.1970996857
-51.520198822 -25.3875007629
-50.9398002625 -26.78840065
-49.4213905334 -28.7244434357
-51.4245986938 -22.1751003265
-49.926399231 -22.1968994141
-42.0742988586 -22.9216995239
-50.956111908 -17.8347225189
-48.6074981689 -17.7252998352
-41.7659988403 -22.343000412
-49.0502866745 -22.1668591409
-56.452499 -21.247299
-48.1329994202 -21.8120002747
-41.301700592 -21.698299408
-45.8614997864 -23.2292003632
0.221456006169 45.7291984558
-51.0722007751 0.0506640002131
-54.7858314514 -2.42472195625
-52.2540016174 -3.2539100647
-57.6713905334 -19.0119438171
-56.1049995422 -9.8663892746
-60.0983009338 -12.6943998337
-61.8465003967 -10.8708000183
-54.7248 -16.586
-61.4508 -11.496
-60.6922225952 2.84138894081
-56.7771987915 -2.67301988602
-63.132598877 -4.13405990601
-62.919601 -0.981292
-64.7240982056 -3.38294005394
-69.935798645 -4.25567007065
-53.6882019043 -29.7113990784
-54.1691017151 -28.2817001343
-52.3277015686 -31.7183990479
-54.520401001 -27.9067001343
-52.2682991028 -27.6618995667
-51.5532989502 -27.1714000702
-46.4911994934 -18.6728000641
-41.9822006226 -18.8952007294
-46.9603996277 -19.5631999969
-68.7829971313 -11.0403995514
-64.9179992676 -14.8186998367
-68.0729980469 10.4805002213
-31.1135997772 39.6715011597
-28.029800415 39.0922012329
-81.3583 13.3569
-72.4083 -0.5833
-65.7237014771 -19.5431003571
-66.8483963013 -20.4463005066
-63.1715011597 -17.8115997314
-74.7708 -0.182278
-69.5797 -1.32861
-77.3947 6.20292
-77.2806 5.6964
-2.77221989632 59.1906013489
-2.43443989754 59.3675003052
-2.90027999878 59.3516998291
-2.64139008522 59.1553001404
-2.57666993141 59.2503013611
-2.95000004768 59.3502998352
-58.4575004578 54.1796989441
-59.78507 54.9105
-57.1852989197 51.4435997009
-61.6803016663 56.5491981506
-62.8544311523 6.23198890686
-61.1500015259 4.55499982834
-91.762802124 53.4413986206
-92.1964035034 53.8911018372
-91.3127975464 52.9435997009
-89.5793991089 53.8492012024
-89.2891998291 52.893901825
-91.0271987915 53.9655990601
-89.8553009033 53.0125007629
-91.8244018555 51.7271995544
-88.6427993774 53.5247001648
-89.8968963623 53.8177986145
-87.6761016846 56.018901825
-87.9341964722 52.1955986023
-85.9017028809 51.6585998535
-81.6968994141 52.2014007568
-71.1999969482 21.3330001831
-79.5556030273 8.97334003448
-85.6529998779 9.97649002075
-85.906601 16.4454
-49.7202987671 -3.78601002693
-51.0499000549 -6.76310014725
-72.7695007324 -7.59990978241
-5.67055988312 50.1027984619
19.7712993622 3.23536992073
28.8087997437 -2.3089799881
29.2385005951 -1.67080998421
-162.76600647 66.0696029663
-164.56300354 67.7361984253
-161.149002075 65.9815979004
-160.43699646 66.9759979248
-162.975006104 67.5661010742
-159.9859924 66.60009766
-157.856994629 67.106300354
-161.0189972 66.81790161
-157.162002563 66.8880996704
-163.533004761 63.0306015015
-163.682006836 62.0954017639
-154.182998657 56.9387016296
-157.007995605 58.7033996582
-157.436004639 70.467300415
-163.0050049 69.73290253
-151.005996704 70.2099990845
-159.994995117 70.6380004883
-162.880996704 59.9608001709
-160.341003418 61.5363006592
-165.0870056 60.54140091
-165.6005 61.5409
-164.4909973 62.78609848
-162.0438843 60.21367264
-161.444000244 60.7902984619
-164.285995483 60.1492004395
-162.026000977 61.8642997742
-163.169005 59.876499
-161.979003906 60.6902999878
-164.031005859 59.9329986572
-164.701004028 60.4710006714
-161.8450012 59.75510025
-166.1470032 61.52389908
-162.26600647 55.1162986755
-163.410003662 54.8474006653
-161.160003662 56.0074996948
-163.007003784 64.5504989624
-171.733001709 63.7667999268
-166.089112 66.249604
-170.492996216 63.6864013672
-168.095 65.622593
-166.466003418 65.3312988281
-162.2720032 64.61470032
-166.339004517 65.2404022217
-163.412994385 64.689201355
-161.154006958 64.9394989014
-161.223999 64.37110138
-167.9219971 65.56310272
-143.582000732 70.1340026855
-154.358001709 63.0186004639
-159.774993896 62.1883010864
-159.569000244 62.6922988892
-161.319458008 61.7788848877
-162.1100006 63.49010086
-125.572998047 64.9096984863
-117.805999756 70.762802124
-133.483001709 68.3041992188
-128.651000977 66.2407989502
-154.2630005 66.04109955
-146.365997314 67.0086975098
-156.3509979 65.69789886
-158.074005127 64.7293014526
-158.7409973 64.31909943
-144.076008 65.830498
39.5710983276 -4.29333019257
37.2531013489 -2.64505004883
34.3482017517 4.20412015915
37.0410079956 -0.0623988993466
34.9585990906 0.971988976002
37.5341949463 0.530583024025
35.008057 -1.406111
-46.0299186409 60.7156841553
-46.059923172 60.9172827256
-56.1305999756 72.7901992798
-52.6962013245 70.7341995239
143.811004639 -27.9864006042
139.348007202 -25.8974990845
-63.6516990662 -21.960899353
29.0342006683 70.8713989258
29.691400528 70.6005020142
25.9836006165 71.0096969604
27.8267002106 71.0297012329
-78.1485977173 60.8185997009
-78.8311004639 53.0106010437
-78.5224990845 52.226398468
-69.6177978516 61.0463981628
-59.6366996765 50.4688987732
-61.2658004761 50.1958007812
-92.8364028931 52.9911003113
-77.9666976929 72.6832962036
-94.9693984985 74.7169036865
-64.0314025879 67.5457992554
-18.0727005005 65.6600036621
-14.4013996124 65.2833023071
-23.1352996826 66.0580978394
-56.0007019043 -4.24234008789
-56.3968009949 -1.48959994316
-66.9855 -0.14835
-68.9204120636 -3.46792950765
-64.9923 -0.3786
-69.8797988892 -6.63953018188
-57.0382003784 -29.7821998596
-65.3455963135 -10.820599556
-66.0 -11.0
-59.1864013672 55.0769004822
-60.2285995483 55.448299408
-58.6582984924 51.2117004395
-81.6778030396 52.2825012207
-77.418 8.667
29.4738998413 0.574999988079
30.2208003998 1.56571996212
-156.897003174 66.9123001099
-165.570999146 61.8452987671
-164.659927368 62.6800422668
-161.7779999 60.70289993
-160.397003174 59.0527992249
-160.190994 62.646702
-125.242996216 71.9938964844
-134.860992432 67.4075012207
-124.075469971 69.3608381154
-133.026000977 69.4332962036
-145.578995 68.1147
-157.727005005 64.8760986328
-45.56917 60.46445
-45.232976675 60.1418839759
-69.3887023926 77.4886016846
-52.1116304398 70.6804279261
-77.9253005981 62.417301178
-71.929397583 61.5886001587
-59.3835983276 50.6744003296
-82.9092025757 76.4261016846
-58.9756011963 50.8307991028
-82.4319000244 52.9275016785
-68.7032012939 76.5311965942
-75.6671981812 62.1794013977
-85.4432983398 54.9880981445
